0.6699999999999999
2	3	4	5	6	7	8	9	10	11	12	13	14	15
1.5629352383848885	2.238297724937663	2.375133446487151	2.2144960262051008	1.9769731339009333	1.8251441552204517	1.8008734861948892	1.8010207520098294	1.8247377949931955	1.9751193398642886	2.2121401195186263	2.373027530986091	2.2369052343978733	1.5622982118738944
0.52676738573402	0.5233174975269203	0.5224598788237416	0.24998820333722052	0.24577249453769526	0.22976590750053516
0.4470116667355119	0.4464365575445255	0.4424821776095784	0.31169291214983436	0.19929383897517614	0.1980468658154398	0.19632120901534938	0.19615073177839473	0.19364425254372183	0.1871875471400707	0.18044852987432283	0.1797328021120135	0.07204550426257937	0.06713028858702408	0.06595434973786912	0.009534452159971464	0.00907674432092235	0.00867391042267743	0.008531447102248105	0.008179113428420521	0.008016993874298502	0.007777036697732956	0.0015922122063776283	0.0015505685183585549	0.0014565473965664477	0.0014370485877245515	0.0008497639653587759	0.00075276499845219	0.0006025753964691065	0.000595949648454836	0.00026108759234395835	0.0002595980418295605	0.00024812163898759484	0.0002411525302201878	0.00023953060749899222	0.00022896309044892894
0.5372418852642662	0.340711365050072	0.3349317247944722	0.333298779843529	0.2297588640392787	0.22768952543441848	0.2252643991069712	0.21863897223540693	0.2161106757094442	0.20450619519644675	0.12016668915157873	0.11841491337221234	0.1120465483528761	0.07927230419529903	0.07618397578352182	0.07526665233894503	0.07285595927030669	0.07209010276762454	0.07131478998642955	0.024651504289645968	0.023875481681459004	0.02350203377223274	0.022012581499525678	0.021896410485032526	0.021252277369985986	0.020617612688071125	0.020451080100584128	0.02028213056841948	0.0192982400972586	0.018667314197340166	0.018459918076994677	0.00805325276901257	0.007884313164456907	0.0077955623532562504	0.0076908145463963976	0.007558100861591465	0.0074519484140221515	0.006953645423767213	0.006824192024683871	0.006095955654780015
0.4773070229814875	0.47260839676648064	0.45333842696081195	0.3172335408564201	0.16857158210759826	0.16699665001318068	0.16088182221529015	0.16012992049672375	0.15847942827847458	0.15679476191383268	0.15262637524698447	0.15050468906403083	0.0715063473717037	0.0709253589586991	0.06784187899688303	0.05807160489180704	0.054329830447120885	0.05327550040760984	0.04065299387293342	0.03957003786859319	0.039173515159893396	0.03323148040374476	0.030964134141284304	0.030561552609363378	0.02964790375103432	0.029264034635683365	0.027473321923012068	0.02236698445110087	0.02210930781698552	0.02186851438174635	0.021230166589413117	0.02096174297340159	0.02035516240797293	0.02002160746738017	0.01949652731889929	0.01828996662703599	0.017874008657160212	0.017530543140118832	0.016390910934140236	0.01610580650406302
0.5243106837525506	0.5024508868322703	0.4971501845382563	0.2667095704247987	0.14444828391750902	0.14295843179312956	0.13724514650950007	0.09256421395949918	0.09136633071343812	0.08738916953260058	0.08623119771165111	0.08404020521651286	0.0827938556218231	0.07485177597914672	0.07274631115868188	0.07254588870710871	0.0699136882660316	0.06892271062992847	0.052536329042399535	0.05206672033524975	0.05150871268901375	0.05032708067694172	0.04945360758195801	0.04647844809835909	0.024992644591372327	0.02477552195714922	0.023656638958440675	0.023358115612533367	0.023018485884510824	0.022606992220811306	0.022064358482501226	0.021844789055145857	0.021740805801114215	0.021391902010112138	0.02105351750431879	0.02061045912740458	0.019129727813415296	0.018287746542112612	0.017706944960694988	0.009192365243928862
0.6946798951835671	0.34630527106689835	0.3440064407980405	0.33608924327006157	0.16543854452476223	0.154335007379778	0.15078935211754357	0.14132658564838219	0.1391636303313868	0.1363130730134498	0.054043139795590354	0.05352022815463467	0.053428447287620855	0.05324132025008356	0.05296863777684818	0.051700713122450795	0.049912820200412614	0.04937066062923167	0.04564396077031878	0.04230599772192057	0.041268939865527855	0.025442593311232498	0.023626986648243788	0.023475111930705353	0.023361076728532673	0.022489426826749266	0.021933871372577036	0.020400715914046796	0.018998088232893822	0.018153308552001826	0.01801241895046869	0.017941135165801304	0.01766049126687761	0.017469885488773085	0.017240238714263865	0.015693206934182306	0.015343234553079569	0.012899576173068342	0.012347000646046791	0.011549389232530264
0.524830506014854	0.5187186305891859	0.5158978395866659	0.2962467688533054	0.1020343205816258	0.1012702522636834	0.09603635519297483	0.08757838365982035	0.0862313092332549	0.08491700452838007	0.08467180365678632	0.08224500299047452	0.07955235015908357	0.07323704608830005	0.06822919462250411	0.062470550551781946	0.05499382545135409	0.05254407540183826	0.032516938680075685	0.0319282303937328	0.03143276766908943	0.031185932116599275	0.030716581926799026	0.030356825698177523	0.02036068609852808	0.019754345976210234	0.018985711419248118	0.018603705210346703	0.01765221933269765	0.0162864842181739	0.0157608418086675	0.014326362242095962	0.013230674649653646	0.012596607552811868	0.011353160906773194	0.011028358501128405	0.010424907123206721	0.010050321795209977	0.009005432547684546	0.008762452207664822
0.5236865545731587	0.5205103787328729	0.514900970219266	0.2972087279691212	0.09942315661442507	0.09632685377394158	0.09357626632691672	0.09190426587765513	0.08853830692482001	0.08808079126649218	0.08389691877756736	0.08262538041143319	0.08211394834620384	0.0710014743634398	0.06883051477634823	0.06048399689695091	0.056684606601098836	0.0531560369648498	0.03402836737925855	0.032089063547111406	0.03117240168900016	0.030647891259515996	0.030370609148245055	0.029938123479829656	0.020561927890835267	0.019192931414440544	0.01833020805843733	0.017294329983888194	0.016435053822915026	0.015595407871330272	0.015312322160737479	0.014486158652244483	0.013677763266828843	0.013235022479169859	0.012271087377153447	0.01131642259691914	0.010550620748336927	0.009899361584892732	0.009281527792024014	0.008917843037265413
0.6945809913246039	0.34727614726006095	0.3432114252947458	0.3364660392235039	0.15908882145142392	0.1544026921226383	0.14898290750561832	0.14724065982649906	0.14274300449214758	0.13644342425636452	0.05411114147871791	0.053846583580624705	0.05289828572852749	0.05148005456507692	0.0511053846687927	0.05088613278499936	0.049631093190312565	0.04945843207164478	0.044592439519183937	0.04319791068010505	0.041615241843975116	0.026205504336760343	0.02372030961747257	0.02364703367857069	0.02354682398081997	0.023322099857914134	0.023301748031924027	0.018938393460851598	0.018655121388961252	0.018359031315270603	0.01803863370848645	0.017925811210494278	0.017348118323909298	0.017142786924205896	0.016778189021549855	0.01600494150608596	0.01522524707242908	0.012935233299152025	0.012885146776001504	0.0111660698581593
0.5203509544854309	0.5069979857934721	0.49747570069428243	0.266814830729087	0.14470319200120402	0.14011173696554652	0.13704572555568167	0.09109498765440648	0.08950576067140056	0.0886088861882911	0.08716213575233266	0.0840258471516089	0.08324731259290823	0.07584534445511175	0.07335451307235695	0.07189832161539517	0.0708663576587721	0.06919356237541685	0.05274427565176391	0.051621940036981485	0.050471858800056724	0.05026704864536793	0.04920358478779986	0.04612118266763289	0.02408598628205274	0.023519914692064024	0.023514189745306894	0.023146177365753404	0.022939754951784668	0.022774255081211777	0.02251743592283958	0.022187032366342056	0.022012114022767	0.021781816009658127	0.021130501061903527	0.020917790654609733	0.01936866418916431	0.018696675513895988	0.01783476353097962	0.009019965309869774
0.4781162931723746	0.47022626953600016	0.4561573850181184	0.31744033621563783	0.16700744828449526	0.16334762901407088	0.16249166494844777	0.15995476709389164	0.15899902754325776	0.1552484372875079	0.1540892424216751	0.15045946772484214	0.07176898891333987	0.07042056697706287	0.06773105152478098	0.05739337222349634	0.055154977250971654	0.053404796904207054	0.040156542104710036	0.03961620551696989	0.03868409138178262	0.0316960893097763	0.03090873737757133	0.030329341245532142	0.03022474343442258	0.029693125012247645	0.02892084564395288	0.02209031604460773	0.02187765404476155	0.02150922718043767	0.02134171323638528	0.02097486022328227	0.020719765459837163	0.020037788900503672	0.01900787794028761	0.01842459457276201	0.018230817774242306	0.01787916059483345	0.017466582257427758	0.015100483074877488
0.5378846448927104	0.33953853574465	0.3364392746248755	0.3334463394314661	0.23067056072878175	0.22657714296398984	0.22225833476793586	0.22016625734924095	0.21610801768930088	0.20503678386157667	0.12019413192020256	0.11735345424756007	0.11219959557017589	0.07753093582280787	0.07604093246402423	0.07435031808199334	0.07408414118792053	0.07250986420188534	0.0708452221167446	0.0242902332644996	0.024022619325056206	0.023714817275798293	0.021517298015285964	0.02149615099611716	0.02101761055117312	0.02098931648810916	0.020624664202263478	0.02037693780120349	0.01954749142629979	0.01897909588943796	0.018295633578945883	0.007813786193199498	0.007801101027449592	0.007748724272296866	0.007611533063937133	0.00755884465311816	0.007388915899991794	0.0072426471601046505	0.007213843140675348	0.007125494113457687
0.4479126310686303	0.4458724927265194	0.44297897303039474	0.3117229147186014	0.19912903599876172	0.19892164131960785	0.19590072398668695	0.19372113386610423	0.1923185925155731	0.18738631810734802	0.18149575529087128	0.1804115773851568	0.0708076338633077	0.06781933456959702	0.06570346441207854	0.00943993344876071	0.008761928845514374	0.008570433777499213	0.008493245973596977	0.008286422321499422	0.008185566272223516	0.008087247598769078	0.001491380858017452	0.0014745568279496096	0.0014305723865959282	0.001351363850954801	0.0013441154487370919	0.0005993289177869986	0.0005921004921635222	0.0005888285179394642	0.0002541191748372654	0.0002448630404468948	0.00024293741544865216	0.0002426566663801275	0.00024236542532429795	0.00024187962572891765
0.5265921590380238	0.5241500112324697	0.5222414827652967	0.25008874636107575	0.24366580600098503	0.2308980107606348
