0.44999999999999996
2	3	4	5	6	7	8	9	10	11	12	13	14	15
1.7274785804234962	1.3278858526138693	1.7724553936148835	1.534433686300587	1.7387829079694375	1.6233720844637105	1.6861688131522112	1.6865933275996212	1.6231606266388199	1.7392874672468508	1.5343865572621294	1.7728348553592346	1.3279060651691954	1.7276731048976302
0.5360857509598197	0.400510972241645	0.39925533287278747	0.3956754401857184	0.3944071094564012	0.2840460982809178
0.844673926734995	0.199809653563762	0.19864250607771472	0.1955833685107038	0.1944137235207553	0.12415857914634051	0.12251359772664096	0.1220925548808966	0.12197311450503259	0.12148607703498769	0.12014735309205264	0.11707543120817718	0.08184683833109234	0.08152765833173636	0.08047163151220316	0.08014389563936446	0.022072938932337152	0.012545743734901417	0.012334665204932857	0.011874247418583561	0.011695091327565061	0.008303024837170849	0.00820255790325266	0.008133843904284396	0.007994305977696506	0.007684918657652357	0.0076027978038495665	0.007512948508984739	0.00743472651903751	0.007374460490446518	0.006195973453459503	0.004235176129118902	0.004211446497212071	0.004157370126982726	0.004140201834098746	0.002669768348929255
0.604486677001013	0.37999071278979024	0.3781479176333806	0.3728083172726728	0.37091746976850604	0.21685605525640345	0.0524726124873221	0.05091314260299686	0.050065865277899864	0.05005576459782286	0.04982617546121466	0.04860515098856477	0.03363454161330387	0.02671911843332358	0.026233669090559558	0.025110147674188413	0.024683515755514494	0.02254219500688224	0.022437076041054094	0.022110282544883557	0.022015244501860362	0.015047253142814911	0.014670719374553996	0.014628354523272033	0.014317403150864156	0.014299467783143106	0.014250262001851753	0.014181360514057155	0.013984290973606938	0.01380965231224803	0.013438242900246207	0.011257344569712044	0.010941366950181254	0.010184141391902799	0.009863097269775812	0.006272340390291265	0.006016905297157216	0.005791690082520619	0.0057804852592959815	0.005246507843627666
0.7954439952909899	0.25186205630886077	0.24989601476528725	0.24452493569292574	0.24251260932031948	0.12325599544423779	0.1206729456938813	0.12042222760476447	0.1200328702806839	0.11933845389235362	0.11774316537404982	0.11084622172268808	0.06763375291190747	0.06729461582525766	0.06588048957757947	0.06549206235404645	0.05143493287380468	0.022189962396626038	0.021586105631378125	0.02045324600324178	0.02000660320577567	0.012298781286263868	0.012117201601190444	0.011909048235913261	0.011651123995131279	0.011231726883055465	0.010587428552419963	0.01033764155383315	0.010217946512053211	0.010063973999739878	0.007740161278691005	0.007639985157012963	0.007334656741257212	0.007249906962125913	0.007230028438674289	0.0068303804414369005	0.006257666188195309	0.0059975637068590635	0.005661680707914285	0.0037499790411000423
0.6633890344995119	0.355177361099924	0.353096156189005	0.34689024359856285	0.3447254767934413	0.1626491199155405	0.07601316403626807	0.07247825098998904	0.07236728321511621	0.07205781287021203	0.07071644425076912	0.0689388358185149	0.05566655044129215	0.030145130575369238	0.029263561959458898	0.027316910555094446	0.02655557139317922	0.022320603537686064	0.02215759797194777	0.022030068570581183	0.021739434810154633	0.021530734725292443	0.021425946957476193	0.020053785117260064	0.01948923625428737	0.016879629424736364	0.016525351106401305	0.015534178481910717	0.015144193223051168	0.012490512741322337	0.01208473772230187	0.01187937617178846	0.011814363696150703	0.011745529912363505	0.0115439106299483	0.009643945735994764	0.00959811697484144	0.008831451079344198	0.008700796609276792	0.00785006052165448
0.7565283589879469	0.29162006154187314	0.289504054324239	0.28321132363827645	0.2809642330796999	0.11124170685052832	0.10846042318164092	0.10751708573529166	0.10690573903217146	0.1062053171776215	0.10478108731312104	0.09413852474043218	0.08214538907925124	0.050068623219984315	0.0497829641902133	0.04800568317429741	0.04768050786693716	0.027249004542269008	0.026700372897261817	0.025418132772383615	0.02496111913806927	0.0132067811165505	0.01302846466350207	0.012696561885385226	0.012547487665806323	0.012343008930214002	0.012103551693298924	0.012078480072927849	0.011967578202869299	0.011893236373258849	0.011480672981365191	0.01136447413677593	0.011062783604599254	0.011038509444274746	0.010938545516132419	0.01076116785342795	0.009822037183876984	0.009384565331181155	0.005854485195858661	0.005029864451988745
0.713426395879329	0.3256932903749888	0.3235952901503448	0.31741374847743525	0.31527844889901413	0.11839057550873065	0.09510990395711193	0.09181290502193029	0.0905641208973001	0.08996018433692696	0.08925722930978387	0.08787399503839605	0.07525857309162692	0.03486790866914375	0.03455804307755542	0.032659821085040196	0.032236231191039875	0.02963646834696826	0.02913049168277509	0.027766911143085084	0.02727607124920982	0.01805305221097128	0.017897337503789273	0.016797694767504704	0.016706298265693535	0.014499473514978106	0.014264093301394947	0.013289008128391035	0.013020382518044491	0.011705304533249562	0.011531268725529644	0.011325464179573514	0.01105414949903684	0.010849830372292977	0.010587012293672177	0.010261807620898757	0.01011235691709582	0.00993692879422594	0.009225289996033729	0.008657316872567995
0.7131367081980927	0.32594342799859555	0.32384825002052564	0.31755973978037527	0.3153611113430393	0.11871916627863831	0.0950348326663589	0.09167635097501063	0.09049372729399985	0.08987679391486912	0.08918491234686725	0.08784381267038183	0.07511147685740642	0.0344022492962441	0.034129785403110395	0.03256028782699795	0.03225154797127898	0.02990563167085153	0.029391385040314775	0.02777234733181295	0.027291362093087197	0.018120521894200322	0.01788001055715355	0.01684761062691782	0.016678888674529904	0.014544196016436192	0.01428054433780875	0.013347185374982445	0.012969087353878231	0.01168682104118705	0.011515534068459026	0.01130713953615161	0.011045037011370622	0.010843749709473504	0.010580397652541254	0.010253566258212264	0.010106750154000027	0.009935399208294901	0.009360072013381593	0.008703654754890319
0.7567319541042064	0.2913447278207557	0.28919796297965006	0.28303823432446656	0.28087967648258955	0.11154048784718608	0.10858707673129606	0.10758715791346667	0.10697460951403774	0.10626054844524867	0.10479778457929295	0.09432124645290492	0.08189554576101338	0.05027456055887184	0.049953249668580155	0.04814099254482144	0.04767666803638003	0.027202426870068963	0.02664772678644908	0.02540125197818505	0.024938462987625806	0.013179860175365859	0.01301499181669689	0.012716826718552524	0.012564337915841401	0.012351527866113718	0.01211604456692647	0.012066833428502908	0.0119561452660023	0.011903651330077486	0.011467531108744414	0.011364506963637234	0.01106000105341341	0.011021511413550221	0.010929742954701633	0.010760230626214874	0.009802133735236543	0.009379833061118644	0.005909855599418223	0.005056457075694502
0.6630573871850369	0.35539857375037753	0.3532871011628164	0.34698772015249413	0.3448016861699873	0.16294682398065483	0.07582334163485958	0.07237456804237688	0.0723217461871017	0.07199834148475623	0.07066036043143194	0.06888021368034217	0.055560128144236186	0.030501073886576323	0.02959667131323822	0.02731877944083516	0.026557445524636607	0.02221701993830924	0.02207115676688926	0.02193446608617544	0.021540403128281902	0.021441617354299537	0.021357178900773224	0.02001408072001025	0.019459833857642432	0.016926262622270757	0.0165637871279633	0.01553853869584116	0.015137751071846475	0.012593434942477612	0.012118321356125804	0.011902612561957982	0.011832853042426593	0.011758355773322814	0.01155007328829716	0.009637468403962344	0.009606000209893696	0.008811031421692197	0.008699619574641151	0.007829191265971397
0.795537668622707	0.25166297230092294	0.2496864078683402	0.24437951632499663	0.24240408306306432	0.1234190788988417	0.12073071485560564	0.12052907942640097	0.12009438351028366	0.11937437739473028	0.11776082383774143	0.1109929056204863	0.06778512699958517	0.06743916533034763	0.0660176235284303	0.06548754207743393	0.051265181804676964	0.02217772391090409	0.02158351859085293	0.020438221837873118	0.019991496372607408	0.012347107695259155	0.012150442634020854	0.011911479751691772	0.011675425112551464	0.011248400458986138	0.010580867404629839	0.010335886733657073	0.010213116817280718	0.010066039399154986	0.007718454657402571	0.007620908433719679	0.007325907809843099	0.007241355966453179	0.0072142088306828625	0.006814922227243484	0.0062689140478485155	0.005988604260113033	0.005656820759500255	0.0037626319942311486
0.6041873478743491	0.38014529507088113	0.3782499126420785	0.372855822660006	0.37097419249993907	0.2171179553898415	0.05240261767048389	0.050868942905177364	0.05003096498744178	0.050014580076509475	0.04978504128965632	0.048564210920439235	0.033567474747051504	0.026741530134608733	0.026248002462877396	0.02511762144501805	0.024693656385801045	0.022566959920181814	0.022459811299424853	0.022121566860839412	0.022023352148062388	0.015078937269014709	0.014677140547266003	0.014662321519612135	0.014340253707732424	0.01432051962308417	0.01426762506201398	0.014192008158330568	0.01399261680429528	0.01380832828551727	0.013439995953089633	0.011221544545758154	0.010901622545548188	0.010162234928641992	0.009848284679569445	0.006282142901743076	0.006029979654569008	0.005793926235568648	0.005778378406490598	0.005235505056249193
0.8447009928943409	0.19970520350492227	0.19851683136536516	0.19547820589119896	0.19432766021944686	0.12422939685084322	0.12255820151023014	0.12214174363354696	0.12201074770810877	0.12151509662058402	0.12016132494435995	0.11712536741652618	0.08194592848802479	0.08161473963135651	0.08053865196135035	0.08019967705847501	0.022033673969701396	0.012545097064393718	0.012327859166700565	0.011864805565950192	0.011689121352178403	0.008312979124765122	0.008208429263554905	0.008136335216486452	0.007999447827157046	0.007689318360137123	0.007604602785965827	0.0075110740020145495	0.0074343202573773325	0.007375820068619042	0.006201563849735992	0.004243877078710031	0.004217006528710091	0.004163938250914775	0.0041454374232304655	0.0026756784011216757
0.5358886616787087	0.4005794566576507	0.3992937714348356	0.395689079924272	0.3944224534832594	0.28422703161089413
