0.73
2	3	4	5	6	7	8	9	10	11	12	13	14	15
1.6261624536294366	2.367066774916949	2.543514283928079	2.3674936689837276	2.0817211755639757	1.9090682769960903	1.8995716687943704	1.894571259234081	1.897619239063586	2.0721776323206287	2.3643022364409356	2.5437436524027635	2.3680267777635127	1.62672898083569
0.5127575502740692	0.5086830658561559	0.504826765637413	0.2947395806884185	0.28351267565031646	0.2371082288015538
0.42635224600585125	0.4218183506471163	0.4174778638169793	0.24281535396737855	0.2384900368929735	0.23627810382875955	0.23211514244594866	0.22970984299610314	0.2269234935780801	0.1973085565398298	0.18981749183033683	0.18925178539568036	0.1027084431940865	0.08691213681061441	0.08263472242839236	0.010497805362077514	0.00886037234266383	0.008734083939780729	0.0083898470881434	0.008268363118758816	0.008078380876857345	0.0026337632666058805	0.00198298369379524	0.0019596644350370947	0.0018692599303943478	0.0018469725353920687	0.001827962195765097	0.0001516326485179734
0.5037486644259282	0.28815684610179976	0.2862349134103841	0.280962264275308	0.2789160540745247	0.2737689836191773	0.27070951727861103	0.2387973354815243	0.23402607594374658	0.22320929317836719	0.12715288699927418	0.12320234639364812	0.12036808085298928	0.10729182315549725	0.10370046344545367	0.10214145717966419	0.10185779764099907	0.09881749735548155	0.09717696916180367	0.030345876430865157	0.025756374489006733	0.02556977623218173	0.023207636590741116	0.022900630628140285	0.022338395755177647	0.022018744046402416	0.01972779316124153	0.01919154723606472	0.012589603992706092	0.012380681136166307	0.012220045531894373	0.011778841720505251	0.011447637710307653	0.011077548008925788	0.011026027462084882	0.010715043459160453	0.01061410986417935	0.010534669240639425	0.010484502351042164	0.010394761209784498
0.47840306579075303	0.4640396125621275	0.4026625500707317	0.22681581734920098	0.22161208805542965	0.2152259308174601	0.19319154930824803	0.1885159800548607	0.18594456192954678	0.18098560081261528	0.17903639259930404	0.17324377792226972	0.06952992750698558	0.06335654331198265	0.059897995374206627	0.05962689434541461	0.05852853327721081	0.05579886015465668	0.03808764988107603	0.03789788338184069	0.037650059773933396	0.0361059933760862	0.03569044978564765	0.03475436365051408	0.03446066970688612	0.034118891569879635	0.03382980164215022	0.03301757422816929	0.032893358345017915	0.032446676033102556	0.03228308962947106	0.031951034135425486	0.031500029815576765	0.031003512485941576	0.024632928763404657	0.024318182518391653	0.024118193926123563	0.02339642308827203	0.021264113706388164	0.01959129559154246
0.5527879625563891	0.4839227068695323	0.46794808837477386	0.1823883836319882	0.17228007661720346	0.167555891144602	0.13400854253665231	0.12637269679143298	0.12154590361544883	0.11856856128786843	0.11463619313931894	0.11201050862484288	0.0983387123261595	0.09101356977477364	0.07944824289675895	0.051064573458231906	0.050645971900115154	0.049667062652278327	0.04964114680734526	0.048825740948565066	0.04840387819514586	0.046622608662384005	0.04620291608255241	0.03839238671072924	0.03711352821098163	0.0364861749784027	0.035649197937741614	0.03537939659051824	0.03518219164292546	0.03503325130696816	0.03457141310018274	0.033766525813468715	0.03361585812991636	0.03330099135227612	0.03311735010097986	0.031032281277751962	0.030358857508963877	0.028336435354832743	0.026897844051919993	0.011934167325464819
0.7235540976760904	0.25870064710271357	0.25583080065650304	0.2445950436820785	0.21385952092614	0.20786973165820502	0.20201595654590487	0.20013322501092415	0.19318608654776492	0.18261493614749932	0.06253704925250257	0.06170533079501818	0.058600126157790706	0.057927393303069306	0.057729674117099915	0.05660322161562667	0.055496123298249114	0.054433640733994364	0.04209198508520966	0.03862805381792641	0.037917070939417215	0.03693649221201062	0.03584585396615206	0.03391015339555785	0.033203234442025956	0.03194021693202246	0.03133230744733822	0.030802894135557396	0.028041411245733096	0.02528994343549679	0.022151695737715	0.02184452010699348	0.021234732998468196	0.014501197304439722	0.014158289969567894	0.014017382763885504	0.013324689330366641	0.013230914885124125	0.01316830882045248	0.013018988086874694
0.5250586160458095	0.5194839354400699	0.5148948537490516	0.1612072236649172	0.15023206512911655	0.1498276194150425	0.12065316843456717	0.11514834348765712	0.11450909248873105	0.1138017019028429	0.10946099479896632	0.10507714843742572	0.10270959590276925	0.09912202209411075	0.06442241361791186	0.035994580876913485	0.03289466137549697	0.031467506213690655	0.030411646455843537	0.03007376653493382	0.029009408963819507	0.02847894757915202	0.02795747566879714	0.0276140009001483	0.02697693821318796	0.026250338837224583	0.026087062648072798	0.025307254560047194	0.02435212887054615	0.024161226358577304	0.02411418297544214	0.023894504558220703	0.02338322643047308	0.023309836570471643	0.022936762804644562	0.0227713320219207	0.019654384517711333	0.018852893438217392	0.018477698844072268	0.014881145196376337
0.5243943826578341	0.5222112444642811	0.5144073261957107	0.1578932412661392	0.14517976683122552	0.14166387922777424	0.1321993355415442	0.12928104030133628	0.12851244916086682	0.11980323822106602	0.0980536741478545	0.09097538210887503	0.08918971227882706	0.08762765769304397	0.07805837587267267	0.036313853559597285	0.03344662722409437	0.03267142679217376	0.031515454926953596	0.0302398412010662	0.029630011712258948	0.02844331640004893	0.026917658309696904	0.026321377090883228	0.026039936601346	0.025394256696441218	0.024984034456570145	0.024509823854527546	0.024154697860150173	0.02375934423117685	0.02343053168787948	0.023390919078326307	0.02313321937230725	0.023044180551689795	0.022841303216695176	0.021977506519284602	0.021600437114398033	0.020876006426772273	0.020494327591698395	0.015388016706280691
0.7259067430495518	0.25499244382110503	0.24995622467603984	0.23743071044365302	0.23045910995758015	0.22343080093914836	0.21867836128961265	0.18469974636063174	0.1811362400481509	0.16603126407595298	0.06263355311413873	0.06208245333184875	0.05891079636305389	0.05816165509743506	0.05751801696186657	0.05706162995134888	0.05591132696282721	0.05476527739336794	0.04343250565900173	0.04056666948410889	0.040015019918086876	0.03839721187591686	0.038299948518806436	0.030482936704457123	0.02926203196249358	0.029049673254440352	0.027909051335428255	0.027467545847480783	0.02645041228465838	0.02602419274217058	0.024859721244460255	0.022971775682195054	0.022224674473253103	0.01517217608202108	0.014229331135872795	0.013808955250671853	0.013653026577243654	0.013021243443725523	0.012416597034681388	0.011652956226093067
0.545080667612036	0.5147747662904263	0.4450468986815981	0.1832530318887821	0.1735145637957928	0.16852594321741554	0.13726060907267562	0.13101098249236548	0.12434689683484006	0.11194522679293868	0.10620325937548476	0.10265419292594039	0.1001011785862799	0.09363627694017015	0.08003830527002599	0.050307779843027006	0.049992330294378266	0.04921383509826281	0.04823889171143516	0.047059066461138235	0.046552948799547134	0.04389398004607572	0.04173551209654185	0.04099998934951777	0.040278810342376827	0.0399718926025948	0.038881154967065755	0.038344524171280876	0.03774342246123404	0.03454861460904995	0.0338105245023261	0.03259167615443446	0.03206569402141358	0.030927476113629445	0.03070336165248047	0.03054490010396152	0.029866028039528633	0.026083701383396867	0.024416911505523494	0.012763011820679595
0.49519153119101794	0.43908067774565135	0.4094214412882489	0.22429335990729343	0.2202973017278543	0.21060542740225116	0.2060500424093081	0.19854241557159089	0.19282487922360933	0.17697684771495883	0.17268319864672135	0.16461931775660482	0.06896579019832717	0.06274287808196151	0.06057560185114039	0.058930842185915384	0.058874320011949074	0.05633580198382137	0.03919660826577787	0.03875185362884572	0.03873722091886543	0.03720669784559093	0.03616465780978431	0.035795252504590654	0.03525621005423454	0.034235862623693464	0.03222156478669346	0.03145645826036438	0.03052101183382131	0.029692420753455642	0.029407446446309802	0.029151669445655164	0.028641781189624824	0.02809589502282575	0.025150876106882495	0.02461768974324078	0.02435755292427531	0.024182230691414966	0.021522515227506357	0.020737798768615225
0.5029357237801384	0.29915513445573205	0.29515692366237173	0.2903010856726212	0.26335723665372424	0.2609827793000093	0.256879417213817	0.24312929348930454	0.23784681947848735	0.22713868906827242	0.12643488002573194	0.12096535200586012	0.1196108452002604	0.11352584684492492	0.11134529967240972	0.10838062138446475	0.09803007268808041	0.09368604936922385	0.09313612403617616	0.03069201187001579	0.025455324446108752	0.02527442426434388	0.02288176580858069	0.022772325681940767	0.021928145223483183	0.02179261746481837	0.019161287330461	0.01899348300061439	0.0131091842692329	0.012835293295768716	0.012426194548779742	0.011998431154305903	0.011664038825541782	0.011592981670826999	0.010434281863996394	0.009795587400613119	0.009643295369230077	0.009446615351599958	0.009349752333126009	0.009236345461551937
0.4262612036622973	0.4203932231160754	0.4175500060045257	0.2512033889571686	0.24752471095047157	0.24443752348437395	0.22050275717151727	0.21726881266971573	0.2157775245365148	0.20116347949166424	0.1942507876204103	0.19189651499952592	0.10174877756471387	0.09292246251804887	0.07890383371252357	0.010313227595087739	0.008694511632004468	0.008649965732643827	0.008273393785720689	0.008160514218314414	0.007815830066737589	0.0026454185148969624	0.0020968095244687066	0.002082588166283365	0.001698542179825875	0.0016386177913274784	0.0015943627510501361	0.00018479440089596273	0.0001812830400023199	0.00016126476179812802
0.5121083782851115	0.5091859179802621	0.5041458848978116	0.3058436833285927	0.26876457078087707	0.241943967526286
