0.57
2	3	4	5	6	7	8	9	10	11	12	13	14	15
1.2227181958054916	1.525113872990276	1.580340333692235	1.5937175299648179	1.5950414016749495	1.5940233769654533	1.5930388974760155	1.5927944373740874	1.5933985931250456	1.5939074340638018	1.5922706371266886	1.578701309651762	1.5237102666335525	1.222077981744251
0.574834766527713	0.5666708261561646	0.5666032275429462	0.10559651361812164	0.10530220852682265	0.07190806424527331
0.6244686701482981	0.43854994474389936	0.43849864219427814	0.43126965529024136	0.07815876571127928	0.07792967432793248	0.07609523354338973	0.07597481180919909	0.07585304522229909	0.06466371701957684	0.048381387680188834	0.048362638226109526	0.02987525109510313	0.007783077642299125	0.00398240981495191	0.003941264260397851	0.00393384849959213	0.0038895771233718227	0.003888790476295415	0.003886635145804223	0.00296424357253354	0.002837707351795771	0.0017826447126144701	0.0017782603301933707	0.0017359033186444808	0.0017343696734640089	0.0017321743758047226	0.0007574930095675341	0.0003788398080186665	0.000377038497973316	0.00037554097504878526	0.0003692062483581656	0.0003677874038530571	0.0002560294101568078	0.00025536463800561064	0.00021649281457919396
0.5219093270278121	0.5157774561791546	0.5157296617989108	0.3915786506570294	0.08312172316939948	0.08280096834396976	0.06793755016944107	0.06784565430731983	0.06775212749506972	0.0593627630916571	0.05918941104898271	0.047205162950380256	0.04523501410817648	0.03943549947042492	0.025530444367405113	0.025462196944092505	0.00638911144131998	0.006387162630673183	0.006332778140883174	0.006196397829707239	0.006177619281281871	0.0061766020507319705	0.006164757787028274	0.0061614057870563515	0.006158442794428856	0.0056167878605767815	0.005163954672460823	0.005150292882361175	0.004892835008329939	0.004875512471093601	0.0035360799100136965	0.0035161053471835747	0.003139896822670438	0.0031334706631322784	0.0031284402549785818	0.001610075220751667	0.0015458264777867224
0.5438198518412197	0.4721204231744661	0.47207617298174737	0.46585821921722387	0.07461906792716158	0.07432667617163452	0.07260873891784074	0.07247110859124219	0.07233063541483356	0.061335603091106854	0.05466616527704476	0.054464750956212345	0.03602314566922249	0.03601776985034398	0.02621465797282417	0.024332637658944632	0.00970767329258493	0.009435274350526296	0.009434399305020984	0.009411498021725502	0.009103488509617855	0.009102493373224206	0.009101204849985164	0.008834953170525944	0.008833550113896492	0.006256814121525878	0.006243020664683075	0.00538139224096398	0.005369367303685373	0.00514245692601431	0.005135893874766267	0.005128751695694381	0.004934462335374842	0.003290455043232675	0.003274339247360562	0.002818032519747933	0.002461196852771555	0.001640497797762042
0.5063800895420439	0.4997810075322682	0.49974543926767084	0.45127702022891575	0.0738471470329387	0.07351694734209292	0.06928059450333547	0.0691473852797139	0.06901136426423606	0.06193078881944179	0.06167642414112041	0.05558517514030299	0.030643163836176136	0.029903302851063972	0.023077535540247836	0.02305874238617112	0.012423020770071241	0.012418986026435713	0.011998472881558517	0.011040265673476674	0.011038173449987037	0.01103063047674036	0.011024132785402043	0.011019841973820253	0.010472650099927216	0.008635539967322681	0.00862355819015508	0.006617479055215099	0.006593414645820202	0.006332469475224694	0.0063170076865419564	0.006302054269905079	0.00398688298387678	0.0028407706370152854	0.0028199466363200416	0.0023377500173416407	0.0023058024282197917	0.0020055410135082427
0.5140084511877641	0.4845846694834662	0.4845522599499391	0.47615574223020685	0.07088869114532619	0.07056527823768696	0.06940184976280929	0.06925801694576143	0.06910971785554372	0.06066246068662476	0.06039945606687295	0.05930380847684016	0.025422575708687604	0.02541966479094289	0.021408938696502348	0.01914534841368721	0.015215001434831553	0.01508119478068754	0.013991740670296425	0.013989122647128118	0.012409536227370326	0.012407220708977115	0.012405407502131413	0.012329046664371554	0.012327764207493892	0.009201807456822579	0.009180052321093158	0.007396117143409757	0.007383986992986136	0.007373720514313801	0.007359277268104341	0.007355070496141737	0.0033344811096381465	0.0030889735464798133	0.0024544765704156784	0.002449741039941831	0.002135904656058233	0.0019020949540870446	0.001875239438909781
0.503554693465552	0.49187723075341316	0.4918471992880418	0.4728802797791653	0.07034346329835822	0.0700123194994152	0.06838038118192385	0.06823765087304648	0.06809001102423547	0.06187714413019025	0.061600287653861656	0.05825013273089271	0.021492405188608656	0.021356176713915945	0.018209266938349646	0.018202168613897552	0.018045066911369565	0.01804198011444398	0.016490815890660666	0.014567218190647647	0.013045898027126983	0.013042773662046857	0.013039480717049965	0.013018315273684217	0.01301328370757672	0.010061938518927506	0.0100380849041908	0.00792667099060953	0.007888104042666698	0.007833137349080373	0.0078124516463102716	0.007792031962302797	0.0032730365897595047	0.0027307022754649505	0.0025105972454321657	0.0024956733492952454	0.002395815182773914	0.002392480316906673	0.002042039884291287	0.001814342750218445
0.5035958056913005	0.4918733041989852	0.49184399947615054	0.47293320068913125	0.07029856002224108	0.0699705108553024	0.06822492091572384	0.06808324668037409	0.06793659791371866	0.061724848594759324	0.061450615824408396	0.05834466881615522	0.021446045520489763	0.02130497593669159	0.018182650520662546	0.018174789692087058	0.018115617208992213	0.018111694491305518	0.016545711235516618	0.014633867093585174	0.013061744791945003	0.013056507642755216	0.013050775012047782	0.013032129413207834	0.01302359650180852	0.010081768297552295	0.01005019302681907	0.007972735908251226	0.00792173871429018	0.007861445097871641	0.00783731275590596	0.007812717306113541	0.0035573372783194424	0.002942994935265774	0.002934417548718201	0.002753501214119896	0.002488544653595629	0.0024774246520013806	0.0023500105152255237	0.001976385365924775
0.5140363746967812	0.48466071347705014	0.4846270831507105	0.4762089695722278	0.07078450661401622	0.07046464850538464	0.0689718238715073	0.06883205964073716	0.06868724495965517	0.06024829476276307	0.05998510491708841	0.05954012165479096	0.025387596547286815	0.025386474600363224	0.021403414852641425	0.019236413031996216	0.015320304133875744	0.015162461814990652	0.014065729502948845	0.014055311299730137	0.012441649889337034	0.012432905507136072	0.012423339747300088	0.012383747733674979	0.012366256226713978	0.00928610875443837	0.009242043717612478	0.0075874595779868385	0.00751753436515837	0.007434822330050654	0.007402991505344904	0.007370947515199089	0.004267121283009178	0.0034903276040127457	0.003478977840998768	0.0031289967219742454	0.0028551886896494238	0.0021974118762341606	0.002014424110405463	0.0019695836028085422
0.5064778836633929	0.4998384991639853	0.49981823144597315	0.45144804723634124	0.07356540612757036	0.07324599842346716	0.06864561486688478	0.0685146749720027	0.0683806688917258	0.06133289388717066	0.06108636691703925	0.05593404556574419	0.030621897145238653	0.029876625011498355	0.023084946233853723	0.02304736624594347	0.012538313431390526	0.012495953531394263	0.012083493279258692	0.011103863803451793	0.011082042667325667	0.011080919493394879	0.011073888926168254	0.011054732488990327	0.010635985890977102	0.008739877266877008	0.00870659356082959	0.006881084614228993	0.006815745060081481	0.006441336609202806	0.006388551220882131	0.006332845609551327	0.005192424480712403	0.004116341183969841	0.00410520562624832	0.0031865542479887848	0.0024424974844584947	0.0023613076796952497	0.001868024140117022	0.0013838561046620585
0.543868122615057	0.47225367467053203	0.4722120219788803	0.4660289000189459	0.0742468666671283	0.0739474976275644	0.07184543001805312	0.07172186559633906	0.07159530711336468	0.06146044257607914	0.054109938047330816	0.05390777411314406	0.03600955302216577	0.03599993344756855	0.02630985127660992	0.024471220513322907	0.009813746760446171	0.009530396950384839	0.009509840230158311	0.009504085714125324	0.009159833913819143	0.009142745415576506	0.009123606984137007	0.008914341024407215	0.008895526018327493	0.0065221274847272895	0.006442891041192131	0.006227714747506253	0.005927722810788603	0.005833967881585401	0.005235878720064422	0.0051891625014830545	0.00514163905415241	0.004104888653016923	0.004086954525802087	0.003747956692364119	0.0026717080144894475	0.0017529227948950633	0.0011892825317941288
0.5219710982193836	0.5158681403270063	0.5158376008102226	0.39186935742970574	0.0826061325787131	0.0823076033927738	0.06727755963516661	0.06717316884378959	0.06706566346557648	0.05880736091680613	0.05863576930432864	0.04757956265093975	0.04522017135627705	0.039434359023219394	0.025497186499738665	0.025425562543186737	0.007265435565884158	0.006464882137149809	0.006417954965935974	0.0063685808647913665	0.006235687867914783	0.006221055037701488	0.006217818173566416	0.006212069043278572	0.006190140780134449	0.005965227964073405	0.0059494343483994655	0.005696018579088433	0.005021042340996383	0.005014065967621802	0.003594670019851854	0.0035676762766069115	0.003271196254763492	0.003215730098693357	0.0031569344178395834	0.0015972049681759915	0.001531817942636743
0.62449080891034	0.4386581090030764	0.4385990796118501	0.4315115138348161	0.07781070980071235	0.07757177293756247	0.07534006337186354	0.07523695544689121	0.07513216231529332	0.06472496153517783	0.04837086255550218	0.0483659144246318	0.02991204888464971	0.008750436516064953	0.004002274169579764	0.003952037907106399	0.003949415629222483	0.0039062142227093083	0.003899838135720516	0.003897697389790206	0.002815319395559273	0.002790802899222546	0.001814418007590237	0.0017838430110565652	0.0017789211489636426	0.0017614651489637433	0.0017439577110913403	0.0007794845278257559	0.00037501251750064534	0.000374754224320736	0.000374476190384525	0.00037358646847858017	0.0003722768186014109	0.00025686626081342594	0.0002565458313064447	0.00021681340122886117
0.5748659478187583	0.5667303746501715	0.5666790711395968	0.10514489473476893	0.10486554249332802	0.07189175146338554
