0.77
2	3	4	5	6	7	8	9	10	11	12	13	14	15
1.6303634934699611	2.375215297388549	2.553765849337349	2.3766164713601765	2.0885654462969323	1.916038785773604	1.9083794894776813	1.9031926641113048	1.9038756411275073	2.078118690945686	2.3728711184778244	2.5537450425159354	2.3760457989944954	1.6308614452770418
0.5108087518328097	0.507525119890409	0.5043841908857967	0.29797149622748553	0.2858229314413805	0.2379233048987018
0.42282391958339727	0.4204955074987707	0.4163324286685729	0.24188044084132895	0.24096778820903403	0.23888879854702016	0.23265935686522132	0.23076950097279075	0.22911652678069797	0.19494823925366775	0.19261705785339062	0.18951646564750232	0.10510974229707047	0.08870332840775086	0.08439981621581288	0.009359277331044004	0.009090381232738436	0.008998514615752747	0.008663317890498977	0.008464868564682659	0.008233148193411186	0.0021776041354885254	0.0020827163373451033	0.002005319287417847	0.001959207204327708	0.0019172549800017342	0.0018305729423803738
0.5001829166355072	0.28799101483881373	0.2856245705154093	0.28399209156549765	0.27697298899692885	0.27511107279048114	0.2720817914729148	0.23491852411511494	0.2318941993079358	0.2266433540073429	0.12622126574077977	0.12541390299234312	0.12397074179626515	0.10706690705523728	0.10613752424529674	0.10432619735945116	0.10245984193129498	0.10104975383226665	0.0993529877948059	0.03177550554670555	0.024088586793983294	0.02393804500775084	0.023575590817280744	0.023502359484422912	0.023141388890390684	0.022711437642378124	0.020121392608885978	0.01987988237766964	0.012025437949835762	0.011860552264751424	0.011837271782883926	0.011649179212850825	0.011568277468716375	0.011498646448624162	0.01130724238083614	0.011035988557056084	0.01096809062129422	0.01086246996997029	0.010751890010629362	0.010623047465882043
0.4797590933920895	0.4618484669161931	0.3976835541754846	0.2248040599936946	0.22239791044167168	0.22033404172446994	0.1911910841759354	0.18858293194617998	0.18621787911414758	0.18333974103398054	0.18099169282269892	0.1772682993946803	0.06618003066845982	0.0649104402804008	0.06176532407767879	0.060760998027473034	0.0599238938811914	0.058683636552826546	0.036300555254507115	0.03615373769375856	0.0359029180132645	0.03574981071465573	0.035704726420257744	0.03522036381885985	0.03465146545217166	0.03439421029645204	0.03427041019469867	0.03421858413681551	0.03378755803348949	0.033557869205975956	0.033408111316720605	0.03303790728185235	0.03238776259815557	0.03205273922770493	0.02483615030395736	0.02360671737106497	0.023283462155242324	0.02314561926194815	0.02151052131698741	0.02007020146830944
0.5553417713023919	0.4824703282988908	0.46349231440404465	0.1792149556868503	0.17624213465265465	0.17309860806724367	0.1265775111090761	0.12559651729976123	0.123327221132664	0.12007074070647208	0.11795652055485321	0.11545389339790513	0.09548639946650275	0.09152087514253987	0.08174044348513496	0.05038592199448953	0.04996414023205989	0.04982467210269665	0.04925322937435644	0.04901273120579009	0.048826601155162776	0.048490074743788074	0.04798666376654721	0.03683459305583399	0.036694892688898195	0.036169490191656835	0.0359520714204643	0.035654597701580464	0.03528402165090266	0.0349861520663091	0.034885842026995635	0.034153531646574115	0.03381124054456485	0.033767701813061976	0.0332282536697739	0.03152474173514881	0.030900645853220134	0.02956190304425394	0.02885948601706934	0.012417747546535915
0.7227332329510895	0.2562883942739994	0.2535676125729254	0.25046839558086553	0.20971335659674045	0.206149581350901	0.20085046392503778	0.19894741096200058	0.19546938960736826	0.18832484473685798	0.060910547078794015	0.06023997854281158	0.06005416714255686	0.05902106959016332	0.05861741927774246	0.058444640962924226	0.05698341955184059	0.05589282135719316	0.04021754162068268	0.039512225938753774	0.03904555170934394	0.03879245680050955	0.03734395457462933	0.0345572207559014	0.03386027182296272	0.03297716058571123	0.031907817716074836	0.03112107998590602	0.028163983347371822	0.024794856764608658	0.02292367525739219	0.022238849314814776	0.0210620473295228	0.014262039600351394	0.014005850066291547	0.013944092020511178	0.013808984709801877	0.013734209759363862	0.01363488324041246	0.012996301313345733
0.526668480853031	0.5194853590417152	0.5106264237025304	0.15645693924793602	0.15524575935963233	0.15314169842142702	0.11779251122264305	0.11670129480483633	0.11533440500646583	0.11378636394294622	0.11091764307386535	0.10797022654485472	0.10492742772910975	0.09886918173829023	0.06549148521086466	0.034029363982222734	0.03382250351852933	0.03262699209578126	0.030367535607555694	0.029919075687203433	0.029743912714531875	0.029008633618776	0.028580488413491867	0.028444272684883552	0.027233248673517754	0.02659659175254353	0.025613932134582115	0.025260829446371126	0.025199365094134802	0.024557960026676578	0.02438780359432125	0.024321671370446746	0.023975856542610356	0.023738060575337307	0.023414079348947577	0.023352323595717043	0.018976656136728148	0.01853824690855209	0.018101311045951276	0.015450061294082542
0.5267642691075218	0.5203370763923093	0.5114617920223669	0.1510365779457101	0.15017751576525565	0.14484211877916683	0.13392849012458805	0.12997611967428738	0.12752557091613262	0.12356035254338738	0.09651421975723386	0.09328088272721109	0.09142443203623123	0.08689012988174727	0.07914568901076381	0.034496510039595404	0.0339083904062988	0.03377633394640908	0.031817524799372755	0.03154222118311963	0.030510372865158484	0.028082984685996865	0.027325902581740828	0.027022783591567245	0.02585589338139863	0.02545472419068368	0.025241044057458445	0.02488616837110704	0.024713642399270663	0.024607320365358804	0.024195198273115563	0.02413548644882425	0.023746978070015544	0.023636915810658115	0.02251288104259869	0.022322302583891455	0.020845667841859254	0.0206005522799862	0.01999620640406632	0.015929715635467977
0.7253178657160853	0.25085215067111144	0.24556113484895986	0.24455801916569836	0.2297520364986765	0.22689979314733968	0.21746714720330865	0.18154194809144134	0.17915541615187633	0.17112776434470006	0.061152296052740814	0.060867136353989236	0.060363436540544935	0.05954860758593786	0.059344694494685594	0.058323890008284966	0.05714031834736997	0.05586968959221069	0.042174735493187905	0.04146691424942052	0.0411730003474132	0.04027347116752966	0.039998103126639886	0.030229186066799946	0.029714799339473207	0.029397704688298505	0.02880165164237554	0.02750651562034559	0.026935843293512098	0.025973279080296893	0.02542099121722029	0.02358609590951751	0.022865957948950792	0.0146860893346553	0.013798799767499112	0.013635993159256895	0.013602059654678823	0.01331215715613863	0.012144357294181535	0.0120091545076062
0.5474133584001811	0.5150153471370491	0.4388433912212145	0.1801687790580452	0.1776375845172546	0.17425411029748378	0.13292581277432022	0.13015333341598384	0.1282392173449489	0.10968816781668017	0.10720515164847386	0.10547207814266492	0.09695050605637708	0.09547325081615247	0.08237307654012421	0.049267468345530675	0.04908598635420215	0.048586699269369	0.0481604989164892	0.04802305545871502	0.04683777120025554	0.04401135774268871	0.043627755007156675	0.040757102590440165	0.04033564886836535	0.040149782294054116	0.03981423376196753	0.0394359568105067	0.038872517185250824	0.034811992339368374	0.03392790839662279	0.03182495223897034	0.03147757388760318	0.031191052398254246	0.03088813613830964	0.03062187345899695	0.03028394621030613	0.02668365388555654	0.0260994877609468	0.013431567735972044
0.4974060792117965	0.43551949830130454	0.40444599738980896	0.22163991284024742	0.22049061277300577	0.21551846216624942	0.20551975629211564	0.20262200292435542	0.19905824684111642	0.17377897464312145	0.17090505655240476	0.16807275487918413	0.06591774775212522	0.06421685973502805	0.061240833726144944	0.060737186697550634	0.060397133597586285	0.05948789089499658	0.03821024742449067	0.03809834167720631	0.03749381758050632	0.03732138095138466	0.036985672895654756	0.03634668028329126	0.03603329301237603	0.03500808823246472	0.031292434175620956	0.031130729840149404	0.030721227726350775	0.030324224558375856	0.030220920388841794	0.029490774591985774	0.029320119269896024	0.02843419484197344	0.025199396300767115	0.024581703107585007	0.023887046445377716	0.02354357001930727	0.021660394248227705	0.021355984484741044
0.49912538719486527	0.29959425500343084	0.29804647840666193	0.29388492296375046	0.26094784179110736	0.25917508707629455	0.2555015852456474	0.2402820242900324	0.23561924440023285	0.23082649087032575	0.12492901634523476	0.12331787236903415	0.1227481597902678	0.1156840570865797	0.11438909578284483	0.1124764771144213	0.09666452850637801	0.0956472497023684	0.09399688532163084	0.032165089179492824	0.024040782671627056	0.023488183555396287	0.023420033466680576	0.023207554461104313	0.022869008054967343	0.022398773226114742	0.019769006391561122	0.01918418890597089	0.012778030721294978	0.012453961843333593	0.01228258468262668	0.012263852822867651	0.012094370606734343	0.012020414786452327	0.010097289938505212	0.00981278966655304	0.009696301139469012	0.009645142223618586	0.009511208342020636	0.009412365236117598
0.4230518699272869	0.419952478337676	0.4147743667851446	0.25282923884394853	0.25053258172869	0.2491620230972891	0.21879664291189185	0.21675547622165628	0.21543551185606905	0.19919966441002657	0.19684232333554427	0.1931101721730611	0.10399401936599498	0.09616407590144815	0.07960796592087672	0.009298505227384297	0.008944968546483032	0.008861762700160612	0.008428399836656728	0.008352247361436336	0.007982600752762832	0.0022440180985499967	0.002210543496848383	0.0021297045263139218	0.0016920118959261395	0.0016878726240637484	0.0016194372628958536
0.5111833785502425	0.5068891159962233	0.503566049612869	0.3112126103552914	0.26868721653189437	0.24316681945529559
