0.43
2	3	4	5	6	7	8	9	10	11	12	13	14	15
1.7385425208018555	1.2276626612674555	1.760378695842887	1.4504943369312076	1.7156190940851337	1.5620891333752127	1.6478471006122364	1.647078622392612	1.5626778604322022	1.7150527088549339	1.4500627409219178	1.760143236617271	1.2279128395137602	1.7381963258732607
0.5271011063747935	0.39965988337533737	0.397960030272354	0.3974114748175682	0.3957299830110401	0.2992091506186149
0.8623145232238097	0.18689047226154068	0.18557677667637185	0.18411118828912673	0.18284466920104303	0.11760372608864511	0.11501303302437944	0.11486603628891365	0.11413345885057784	0.11408349189531473	0.11341817489026128	0.11324194474704558	0.0807062630482001	0.08027967215921264	0.08010334597985896	0.07967150788454698	0.02413876215760038	0.01335754178631118	0.013125777568772028	0.012857657359727924	0.012651590968885892	0.00858984062975085	0.008482263188194799	0.008386696395025655	0.008368323046530162	0.008096109702816755	0.008007566927198527	0.007988253875530815	0.007914603874651635	0.007830279208123122	0.007101408274676864	0.004802991812348909	0.004769924551778522	0.004759755922517629	0.004722650782542054	0.003175473100116182
0.6014114077076367	0.3787261661095663	0.37601808627866407	0.3755491522385329	0.37285561001963113	0.23451203476765528	0.04459858070258673	0.0436714085231713	0.04284117062939022	0.0426222135073623	0.042408315953833806	0.04127864961162704	0.03783926418823522	0.02457067583385005	0.02400980739174952	0.023208739051248907	0.022743377471781873	0.018218555327253267	0.018060525747949977	0.01804088680839363	0.017885958194594157	0.01551430593308546	0.015099476707897502	0.01463794794752889	0.014153844114920523	0.012470780777766617	0.012392192030952747	0.012330886654181101	0.012320180844424336	0.012252122522444566	0.012194073426841994	0.01121203593397263	0.010873448082951749	0.010160695444680744	0.009839500351635467	0.00708534957323698	0.005829058331374247	0.005419544538169549	0.005323993414896381	0.00488919311919703
0.814122580647696	0.23989255477099683	0.2375842239638181	0.23515737292489355	0.2329212401113132	0.11645538107262314	0.11327375628472194	0.11295471516000181	0.11208727724134673	0.11201231621602886	0.1111123647579711	0.11093793460043162	0.06777661707730798	0.0674010413505167	0.06685514272410047	0.06652156345214215	0.05655038533759333	0.023179494650528563	0.022517860782749706	0.021954003892257174	0.021414705749797567	0.012259259540058461	0.012054717987623758	0.011888761701310995	0.011806693344493961	0.011491596297548264	0.010981045661438107	0.010862397306309878	0.010759516472306834	0.010542140913972318	0.00787998544396028	0.007236296611908673	0.006725782538396258	0.005831489118646148	0.005748962724389254	0.005558716373589254	0.005347742208770986	0.005076817041819721	0.004939220829937736	0.004347949198218435
0.6671798150756221	0.35188705911685286	0.3489780078134726	0.34823645141711856	0.3453067335376277	0.17951633755291563	0.0664833477572643	0.06444504394446235	0.06423945344587902	0.06386077488548167	0.06259355226310884	0.06244295026384892	0.061129026296743764	0.02936348877412399	0.02830040603358379	0.027046730875696746	0.026133576008936312	0.02261693772415906	0.021963442760476504	0.020562541549131282	0.019966280311037553	0.01777046088783258	0.017648015494584456	0.01746076852353166	0.01734990309539313	0.016982510161240284	0.01646675903582451	0.016282361738997803	0.01567462749255448	0.010702257293293774	0.010407248109782429	0.010375049426571538	0.01035096211041239	0.010298243376970507	0.010179166863443978	0.009071618920002715	0.008981919712297396	0.00824553550594932	0.008212443651105392	0.00743662078044548
0.7725896940754788	0.2821217982758462	0.27932678450297127	0.277467495304389130.2746903765942198	0.1034346031456205	0.10116326017177722	0.09967148531947244	0.0990266396970764	0.0989538158700974	0.09828178267772196	0.09778429149684105	0.09136742359173422	0.05056439516937532	0.05033512190735774	0.049207800244113434	0.04899741116820201	0.028120244549494286	0.027365307670478244	0.02721615136124486	0.026506755277916627	0.012351154843237485	0.012096773892217607	0.012029878435753195	0.011876453823780166	0.011770922142884013	0.011719819993129267	0.011519123145761392	0.01132847310106557	0.011233937375305366	0.01117962428091479	0.010959759924624498	0.010026277620445743	0.009897927183172284	0.009724065490773074	0.009522497866147226	0.009326306694380724	0.009197114824286605	0.006596608524258887	0.004947284865781626
0.7236943025405804	0.3194691620467539	0.3174659004042476	0.31527040326256395	0.31320516667038467	0.1320455793847168	0.08521307350442289	0.08489758055992506	0.0826872112630221	0.08188563249346724	0.08177762103690008	0.08099550351416557	0.08063183816641786	0.035207811311953836	0.03481297015967882	0.03360841476658448	0.03323985708529809	0.030166154235117457	0.02937828617531676	0.029143133470794145	0.02839299609742746	0.014948392602505	0.014791483742848123	0.013706887137545165	0.013684608459686635	0.013572021089788078	0.013471941036544347	0.013211928064742477	0.01314577551635801	0.011144219506977002	0.010888390616266556	0.010700646760230598	0.010617909312647332	0.010428987247963569	0.010303678635642946	0.010125313516287324	0.010063317845188597	0.009818235420061633	0.007770121291558884	0.006432869527709511
0.724166052046288	0.31933720674143534	0.31634031131768736	0.315791829273623	0.3127333582273515	0.1315959573072102	0.08535732771680966	0.0851100345532272	0.0824289135227482	0.08201143160024654	0.08200183950561694	0.08157947335635289	0.08066923047151961	0.03522069522571431	0.03499149007566846	0.033640970398165514	0.03347330449169934	0.030017240895447182	0.02961897983966671	0.028889191795874312	0.028486922774660008	0.015014537591458814	0.014665346779471688	0.01380804745930466	0.01364801005361963	0.013471207871513268	0.013387117187943701	0.013222610294464792	0.013094923248413805	0.011078881813280353	0.010940894365970903	0.010811888694938114	0.010570844440939428	0.010428934442984181	0.01029695943936418	0.010151737089090004	0.010013072463865607	0.009899391240622871	0.0077746132372693314	0.00643126444346067
0.7722494051827751	0.28189479047325067	0.28050346806155896	0.2769282943466659	0.27560548234568816	0.10319039526065558	0.10082605236936955	0.0998191036443317	0.09889404440439543	0.09882094263297163	0.0979746334213594	0.09779583895781116	0.09166240846328982	0.05048127370996993	0.05004997766627354	0.04913343409539201	0.04871835604785312	0.028039349891156487	0.027617493370674283	0.027018411812798595	0.026609269302758566	0.012274927474827635	0.012076398360916134	0.011921335611181543	0.011878838762482196	0.011865643845098583	0.011663186199326133	0.011444193836228248	0.011347294427401037	0.01134606475255242	0.011133051102733662	0.010984528165255494	0.010008586543474465	0.009898153391246564	0.00982814459802155	0.00966251493452553	0.009372345533727592	0.009296950711478433	0.0065803651724092764	0.004943754582803979
0.6676808884958392	0.35139720605429065	0.3491577959874038	0.3476825932398038	0.34531856305804964	0.17877365613054985	0.06652828376305531	0.06443493007323259	0.0642199349920975	0.063960149514191	0.06307646231360592	0.06302216401858766	0.06152065518027433	0.029215333207672414	0.028385817806810112	0.026821700952367685	0.0263592176703593	0.022640524983897695	0.022024094879004086	0.02062153344833352	0.020195850769526062	0.017745326856727982	0.01758554778097355	0.017466116185937797	0.01731425346358416	0.016903297515139765	0.016512917797938426	0.016094496257153132	0.015751459257394015	0.01066363051233072	0.010403069510963873	0.010337617225792345	0.010309579622588333	0.010214441912140762	0.010141177737197353	0.009035131356906714	0.0089572169675818	0.008219483543271058	0.00821900140893138	0.0075296799129011
0.8140394686232283	0.2397121377949262	0.23820581950370748	0.23489748570594227	0.23394194800393436	0.11612620348542392	0.11308520798834713	0.11270960323716295	0.11192081637559166	0.11190687440580788	0.1111884180075132	0.11068793426382136	0.0675947488928193	0.06702362195973269	0.06662459842622756	0.06601548903284732	0.05670886544391746	0.0231050222137076	0.022636928710437564	0.021842423946791725	0.02162032378238443	0.012174438222115256	0.011954425106402555	0.011757987402274302	0.011685487035640959	0.011553917835596148	0.01096384147594007	0.010793383491439197	0.010674848094295034	0.010560440442308992	0.007475967701971741	0.007374186490435565	0.0065581868520535784	0.0060075993077674614	0.005725681218410096	0.005699344617898694	0.005646640338718049	0.005434891856168825	0.005348339758843988	0.004241132846205988
0.6018750463200926	0.37812778650813655	0.3766631737454658	0.37468567071560244	0.37315458596812867	0.23387643438907543	0.044174607706021524	0.043610644891266495	0.04347151545385285	0.043415855744678954	0.04241550660389721	0.041733740599942025	0.038112091190543554	0.024634619115399544	0.023683419154884904	0.023222969703643292	0.02298960053106602	0.01818617349683147	0.01807765551411214	0.018014715088786024	0.017909155540747877	0.015452057044988594	0.015029160476254414	0.014560614913238772	0.014359406952805253	0.012419174750066412	0.012374627721211066	0.012285566424131214	0.012278518770378789	0.012176542858201286	0.012157034056775186	0.011360685563260574	0.010534618361801648	0.010345907662113844	0.010089320515662433	0.006852414851617592	0.0057799857712372395	0.005437844042703884	0.005297150307350458	0.004921992635045681
0.862219695086811	0.18688294660733176	0.18569886773534403	0.1841742400570662	0.1836408394989565	0.11746326821245244	0.1149998896875756	0.11449550493740433	0.11410742660621044	0.11407879521759037	0.11371417879792564	0.11313449989473369	0.08052286665909301	0.08008493345331069	0.07994566363812557	0.07950757798826048	0.0242243505951638	0.013375707543372674	0.013065593215429567	0.01285975997299766	0.01276527030854857	0.008554840751631373	0.008458739835966953	0.008356819753895798	0.008281839295881584	0.008158479488060396	0.008040011360806393	0.007963697745988015	0.007924510650319632	0.00788962307068953	0.007070285344957305	0.004770017232689338	0.0047387290732137325	0.004715935561565833	0.004690947374249115	0.00313620887172041
0.5274700426857599	0.39922384221608626	0.39836402945866944	0.3969179894298807	0.3960558585861761	0.29882711465873835
