0.6299999999999999
2	3	4	5	6	7	8	9	10	11	12	13	14	15
1.3644190766458153	1.8395841679631653	1.8768472637966835	1.7902274409998606	1.682549243930921	1.6032309952699701	1.5690756405098483	1.5689614494327295	1.603057387904551	1.6825488400839521	1.7904927238382689	1.8771572782141432	1.8397725750900757	1.3645617159516754
0.5562738342191876	0.5552690204795637	0.554492850251694	0.15891133036007768	0.15799081119010394	0.1567147342822949
0.47768477102693774	0.4768177375429669	0.47579079881282066	0.44902873097886886	0.12068762962044781	0.12007462353760513	0.11916853348083359	0.11909724382816651	0.11829447493199056	0.11822574397856853	0.11791531748357807	0.11765239695620906	0.030831164612142345	0.0306056815691021	0.030275679642950373	0.01449168253366629	0.007834423168191057	0.00776742464220603	0.007693927856145556	0.007673226905489746	0.00752692394934282	0.007427706589068762	0.0011355974729681528	0.0011245055807225291	0.0009868302024245712	0.000877493917035589	0.0008655084784932143	0.0008547053296017785	0.0008456323045725058	0.0008313179200153509
0.5436949460684368	0.4407341321697909	0.44045356568108507	0.44003292687039935	0.12251139606651308	0.12166759351212653	0.12103483746038399	0.12049036117846529	0.12034958120642705	0.12015659455664421	0.0923037473019128	0.09100408146752376	0.0901009811541204	0.031608454418790836	0.031142075606103947	0.03073494166473128	0.02848773166635809	0.028277728860937212	0.028100148775289647	0.02805333782451723	0.027796055237992674	0.027498520537840365	0.01577449571833519	0.015734951604759857	0.015569795858006356	0.015508821687004378	0.0152481699141607	0.015171482161570807	0.01508338627438863	0.014952891690291499	0.006028493301464993	0.005067417202701911	0.004992668694164038	0.00497197998864424	0.003657947198425252	0.0036084017453647966	0.0034323813560856297	0.00313850335198271	0.002983990367526575	0.002842182438309023
0.4922390045922678	0.49151312538543523	0.49081935126913406	0.43454956002519546	0.09159381895661588	0.09027712724142921	0.08996028918296961	0.08960677858693314	0.08910446407517258	0.08895929813281302	0.08875526898362271	0.08826822791454884	0.0701053020308166	0.0692107920734818	0.06841697317376934	0.032100116125868085	0.03102065609422601	0.03032942864711271	0.023696952829532002	0.02345091188797937	0.023369347359576544	0.023212231323186044	0.022728758847188883	0.02237312721003921	0.01668498583898799	0.016511488494894658	0.016336287560180837	0.00968794731441388	0.009481556735289146	0.009019958851436907	0.008959333905658128	0.00876904857767742	0.008586134024179471	0.008561334537769826	0.008466388018108657	0.008297197912471329	0.006989801998150342	0.006726320668959095	0.005848757447309021	0.0051917155795385885
0.4972424085681395	0.4957421946861233	0.49443678701590665	0.4551532910960952	0.07752379323877392	0.07634611418032347	0.0742776735328103	0.05588627469496387	0.055122574260846394	0.05492781934915542	0.05463709305958589	0.054441404820176176	0.05427257799592045	0.05338346111266354	0.052305699670269525	0.05138265524969165	0.039874337568594695	0.03925573863054752	0.03794469745730796	0.03727398791296958	0.03632633917901544	0.036292280397977744	0.03619583539776591	0.035825336812353434	0.006331827841058819	0.006186229671140402	0.006178903588422926	0.006096184903404571	0.0060450549186707	0.0059889276837788805	0.0059006664582873175	0.005727830222482659	0.005675313402407114	0.00556371140174587	0.005480633151716029	0.005228134582188183	0.0051448055046525295	0.005066284200371539	0.004871046498766969	0.004657341704492745
0.5452259509098211	0.4713360453671751	0.47065012823846114	0.4696522747705442	0.05163972171437333	0.05156266020981736	0.051446581823316045	0.0511860811845148	0.0505969687341779	0.04994627512270352	0.04458690250347072	0.044238866966716084	0.04397688660016162	0.043728586405618886	0.04360876820157937	0.04354117763659956	0.043156326556791504	0.0427842918680274	0.03632971922649555	0.03616094112450581	0.03466459494954874	0.03443681106237673	0.032907233031496105	0.03258437031996176	0.005619482098792043	0.005560762779059838	0.005525985514877253	0.00547390314968233	0.005447643647550235	0.005434030669365806	0.005422515912736669	0.005408171790551191	0.00529393178188055	0.005236943215297063	0.0051413125790099375	0.004386110504028053	0.004004021829851271	0.003898842057740364	0.003776260500446991	0.003245744348304945
0.5054239667474987	0.5011218535489226	0.5008677442572765	0.46098942157277223	0.0422242058511699	0.042041901308007126	0.04174844293468584	0.04031302895010322	0.04013920752547423	0.04004041472207131	0.039960903772241506	0.039825622657430025	0.039691381806147244	0.03963287904162394	0.039448174950043186	0.03935133387136439	0.03904134552497241	0.03879104644566397	0.034360755249435354	0.03420905570585387	0.0340398144267894	0.033887117677323574	0.03372980611675711	0.03351017244276226	0.007485135603890153	0.007464512988567973	0.007434767058283633	0.007350690171990374	0.0072629454044284255	0.0069289197156512765	0.006864884657312558	0.005938276211257008	0.00563615965472555	0.004752692443467571	0.0037277417486975537	0.0036388915377145005	0.003503378203480936	0.003458064648530169	0.0034202745449509937	0.0028073524304497487
0.505697009897305	0.5011534672447349	0.5006907180792218	0.4608695845994019	0.04199833914532434	0.041965995632158595	0.04189456941324651	0.04031421245214929	0.04023167423878247	0.040083846363911824	0.039998709129348844	0.03990290525778077	0.03959824790924711	0.039486576104606735	0.039392891292353224	0.039259456610648155	0.03882400857327217	0.03870572819218046	0.03434279966591127	0.03424270359186758	0.03409573788552521	0.03400825802164574	0.03381240430613412	0.03361932978799765	0.007584029517030903	0.007488269258417271	0.00746354886532333	0.007347465471149148	0.007265064509348455	0.0069525796889500285	0.006814127822654159	0.005910342123487984	0.005595867845967261	0.004803268614671266	0.0037316801267869085	0.0036713247423192635	0.0034848859030966505	0.0034535876712266313	0.0034048902586886805	0.002710779401997918
0.5452514285517311	0.4712448930527618	0.4707638444254548	0.46964650859696877	0.051503642453621754	0.051353898367759575	0.0512070047115152	0.050486762283997434	0.050243023163107046	0.05000270298095969	0.045062887314364614	0.044749339972041516	0.044468327589220764	0.04390221608726648	0.04370147905374902	0.04319326872667756	0.04310316248581756	0.04305257177950388	0.03615642467645039	0.03612654983566164	0.03453805976787361	0.03453200210420141	0.032867475541914916	0.03247277837889147	0.005657815355912826	0.005575441185247414	0.005529960039798546	0.005502679233679972	0.005497999269876697	0.005474346373542142	0.005389535330218218	0.00537231507201768	0.005228832373543369	0.005159790723681334	0.005084562064031523	0.004463481902426429	0.004112571928620245	0.003989574445049849	0.0038389890112299	0.0032216388285055317
0.4972174988723693	0.49574420829088073	0.49448054073613484	0.4551316625140497	0.07731775325515843	0.07618364320966588	0.0745142491051423	0.05593004466618637	0.05519886477584896	0.05505192686364282	0.05472684712587592	0.054690809454387625	0.05421228355529364	0.053503119712319164	0.05236129048398386	0.051419835247834646	0.03966647745448443	0.03915134691732625	0.037922888152310194	0.03705396605528095	0.03629587528349067	0.03618010384811986	0.03611509863941112	0.03569698464500385	0.006455374709155259	0.006337047155109391	0.006225097127908048	0.0062096223043789514	0.005976864668501798	0.005948829074413168	0.005909837961893446	0.005866792977660101	0.005859110346581673	0.005691064762041714	0.005485698408870555	0.005377878037613201	0.004991072925933693	0.0048968391647965445	0.004857032770952016	0.004785476763537581
0.49215596604075235	0.4914789791568105	0.490856652348781	0.4345693755089856	0.09155254599506531	0.09033552454813604	0.08975784061620157	0.08968742606304642	0.08917457051205252	0.08900979805485032	0.08894215074041716	0.08834284792915728	0.07014486430462824	0.06920320013377947	0.06845775617536856	0.03204968395674018	0.030925947096122675	0.03023959752987056	0.02373282193078372	0.023462642748119458	0.023308193503249818	0.02302782172627106	0.022518931771847685	0.022288908507361746	0.017481040328697014	0.016568407948367562	0.016446928708450725	0.00988764930331444	0.009649043256389824	0.009333559147165176	0.008954135751070565	0.00860202936965514	0.008577578706648563	0.008535833627053692	0.008486663791629226	0.008121908012761208	0.006976890097849825	0.006756058450212345	0.005928787893377141	0.005070036592987596
0.5436206185052266	0.4407991710366056	0.4403737353389269	0.44005903535168905	0.12251191883530912	0.1217556000520364	0.12091558282655049	0.12043449580169586	0.1203315214103179	0.1201491317658912	0.09235139064599367	0.09109981054410546	0.09035916533185495	0.03175056683558733	0.031094892402764456	0.030706371057470355	0.028915125796098052	0.028400740580481223	0.028358657287567413	0.027815059545490215	0.027670518370272547	0.027553557829018614	0.01578298846928503	0.01571783512104991	0.015549440200333914	0.01549719861003768	0.015167748663079897	0.015126762780327369	0.015048695599694151	0.01494874214570665	0.006178399144818818	0.005050110936793046	0.004999784482288719	0.004897502068588486	0.0036659926669059765	0.003545541659014712	0.0033791282083050385	0.00311033810009003	0.002794959545725369	0.0026605454419375858
0.4774656162540058	0.47688398714529867	0.47580414955148065	0.4491134425832084	0.12073417967902687	0.12007351578393569	0.11917856313243805	0.11894709779974072	0.11844391385972691	0.11833066155356739	0.11785726972222679	0.1177704628320298	0.03080873384180271	0.030716280576156146	0.030282895330783183	0.014482442861521823	0.007853183021754561	0.0077699273113191695	0.00766832612878408	0.007657860752121671	0.007497175091391523	0.007425320347478271	0.001140056560838342	0.0010836124606517766	0.000991667010991817	0.000923394142420865	0.0008585260128449331	0.0008545101334597712	0.0008519368072978387	0.0008182857147861831	0.00033873749999835157	0.0003380657661885633	0.00033415706821861144	0.0003266168232523064	0.00032549231550338994	0.0003089300891626648
0.5562451436015823	0.5551456009726347	0.5545944583569562	0.15891871689968937	0.15798823942942491	0.15688928045309605
