0.71
2	3	4	5	6	7	8	9	10	11	12	13	14	15
1.6138355555803816	2.3420349710137454	2.509223298668439	2.330311480949705	2.0432048479088	1.8672893883265642	1.8609012222441201	1.865087378620761	1.876795749333872	2.0471279095675103	2.3285131622005597	2.5054537272624477	2.338907999478864	1.612268584768327
0.5164263479766091	0.5135615566466165	0.5074506876300805	0.2834368261167401	0.26628349230329507	0.2465944476293801
0.4333250824184454	0.4271467225174303	0.42449728758953365	0.25309781613659654	0.2299848236867653	0.22800727865993933	0.22046353223816795	0.2139930963146782	0.2117511989095112	0.20327905850599665	0.20045909649123606	0.1935395966938191	0.09130167348392801	0.08588253012137656	0.0792584329435297	0.008852688515596528	0.008751557608223891	0.008690391400854598	0.008084093867634142	0.00797255211902334	0.007177246941610043	0.00468713596776162	0.0018545135554157268	0.001799971658013833	0.001669576347295653	0.001620495696944206
0.5155435926541755	0.2946980024526539	0.29364417779048424	0.2809192346888711	0.27241698910932793	0.2604676179791707	0.25009344278148965	0.24942185957955185	0.2379907643844542	0.23213210597469255	0.12174199634804814	0.11708481939873125	0.11082881423997928	0.10547516173465202	0.10263149440571856	0.10101216289723636	0.09588549787911842	0.09504548500753573	0.08984960220375042	0.027265771693550416	0.023019294079760746	0.022917739660630727	0.02268774835084903	0.02258310986329764	0.02231092201252666	0.020725365462301235	0.018357170664018686	0.018186116447634883	0.01562789441829634	0.015064557429204001	0.015058265300355209	0.010364378222292496	0.01023212923463712	0.010092877702567293	0.00969742909365982	0.009479151472110689	0.009012755280511202	0.00892847405015805	0.008612330957588038	0.00797065696059247
0.479432285091353	0.45617393396808864	0.430496006608649	0.24337385084499716	0.20102399245528924	0.1943546507153738	0.19211778340029853	0.1892618742440408	0.18403438741222086	0.18081014255806266	0.17286424267918937	0.17111406099553175	0.06389120117073183	0.0629669959544185	0.05600699904681614	0.05484199502869925	0.05383852433077279	0.05213048759252689	0.047067807051027845	0.046266353914111304	0.04567600112265349	0.0331823178884416	0.03288441760457678	0.032657734669622504	0.030727570489152214	0.030618445056904236	0.03031857828142544	0.030114813231387313	0.028767692017674026	0.02842912607749036	0.027970638018868194	0.027233264423136325	0.027008730067052403	0.025347698661009978	0.024603687821518793	0.024148590418949942	0.02300315757527286	0.02274605762055421	0.021863978012701287	0.020106873153710757
0.5339439091947752	0.5073000752108695	0.47859953758749135	0.17203909219116367	0.16635698111215755	0.16408071276512876	0.16347732040206508	0.11419019377844909	0.11311948731377794	0.10617638719938205	0.10519039603959704	0.09892383335180933	0.09702337933493693	0.0954876277928533	0.07700334099347396	0.05683243606063826	0.05493711614763823	0.053469172790926764	0.04679881028912014	0.04497704533027384	0.04345361340389642	0.04331486394147924	0.0407994819410949	0.04000857040047401	0.03591927028736112	0.03491087708388472	0.03482035458694995	0.034365363457944435	0.03397835647485111	0.03328324075747253	0.03276831948865165	0.03168982896490628	0.03112809407996109	0.029975870485165465	0.028818256505812042	0.028216228856311715	0.02785253248447229	0.024572199719065144	0.023755892237548	0.011063935512625358
0.7279371265086361	0.27307439603987554	0.26290875331716507	0.2511171589182991	0.2137901389587056	0.20721890867809606	0.2014293517037213	0.1872947851787536	0.18169957923625668	0.16456613524791647	0.05868239617873407	0.05781914186754265	0.05670865785383189	0.05605240685648754	0.055752524146531805	0.054813424752276574	0.053427728499126054	0.05283139507360036	0.04003662442325629	0.03842214522726617	0.03423081806319221	0.03382192712917388	0.031354056173546016	0.02944797204338506	0.02706611816381019	0.026933384674387762	0.026251395628633982	0.024881581406761062	0.02433680550510696	0.024195225303612504	0.021843900280018088	0.02137394798797824	0.019523852501888272	0.0191081498737406	0.018206313484790113	0.015801433968786267	0.015396775120909019	0.014682808776391632	0.009563416464207426	0.007985094693266496
0.5343974436894834	0.5251619645702726	0.509755925582261	0.18725318809698416	0.13012104041378778	0.12489735641211186	0.12011914126523218	0.11985019661619921	0.10944933062365077	0.10571846916182875	0.10474585949074725	0.0980798908375818	0.09476471052676574	0.08423503840025987	0.08003984718899756	0.04124920428906551	0.038161245265310846	0.032947008547738056	0.03183745765851956	0.02907416143282811	0.027064851811182636	0.0259903021046404	0.025152801498709677	0.024594803493057295	0.02455828584098138	0.02442000787605708	0.023681085029502096	0.023602741644007216	0.022947339744270944	0.02284071833405682	0.022012218824728046	0.02168660143982049	0.021428309465595465	0.021153497408003086	0.020920714082272827	0.020472966846944614	0.01977506158902087	0.019211732031595884	0.01701278983243578	0.016596758081299116
0.5350613685325206	0.5211360358241842	0.5115427392818938	0.18775091126511861	0.13527699678573138	0.1311895815249532	0.1206908247117972	0.10975750819408817	0.10879816868547382	0.10760372593966552	0.10376329938417157	0.1005255447265472	0.09644039673802626	0.08662185298538393	0.07643685798643143	0.04139820055123499	0.03786267937763783	0.03382689485879822	0.031093586235941734	0.02914043850739033	0.028124308897714036	0.025547898402101848	0.02493047980569453	0.024787896648366874	0.024243223742596066	0.023977677160788597	0.023907308878226	0.02343817246106163	0.022881411800289488	0.022821893878292872	0.022778045945910153	0.021723926312702653	0.021499869724388488	0.021223061972526384	0.020868447221530223	0.02016460667088363	0.01957901595686412	0.0185619753726518	0.017167260738321435	0.01608590644044292
0.7256918890495921	0.2703129712977906	0.26991336282897366	0.2486211916058894	0.2222795776392359	0.20313370113897639	0.19851111307271277	0.18188566713126847	0.1791816033341333	0.17621777536083963	0.05864041455271065	0.057637875245428856	0.05741828657184748	0.05679007705068612	0.055808102734459374	0.054348861550995116	0.05372197809455582	0.051683571863527566	0.041043613795854694	0.036524381928069484	0.0357257860514045	0.03385424679353972	0.032106793003633845	0.028223042726619185	0.028038593356810932	0.02789656787074865	0.027478310111837437	0.02672470665242822	0.023688566730110713	0.02331395131074671	0.022548707497796253	0.021884665490718307	0.01959661648039007	0.01866512951184232	0.01778107208203212	0.0162245094866103	0.015691868015072535	0.01511276291404743	0.01125195738796511	0.010077132682327595
0.5370144317693984	0.49957773333463573	0.4832706904203774	0.169363180308061	0.16690863224274813	0.16432626246510365	0.15961185149961354	0.11490229777090204	0.11161756546378677	0.10721596187224854	0.10605271031731434	0.10394854126039345	0.09663563894673553	0.09095698961311649	0.07956136620964857	0.05638169805136774	0.05551422660958196	0.053962586380291076	0.04835389076605864	0.04765445273683096	0.0460271198063673	0.04278676379639251	0.04143343861920603	0.04130499156368263	0.03893362356969922	0.03785469129034689	0.034887496432753795	0.034055070764852695	0.03389821351031576	0.033261195031580267	0.03173304862716431	0.030811077038478546	0.029989096070566965	0.029743188973342227	0.02907297082348792	0.028072393700844682	0.027637035347582155	0.02640891174457768	0.025153489755113927	0.010620761282651317
0.476777867521103	0.4627835257708032	0.428140430191916	0.2423272055113298	0.20313573117537753	0.19946944210323625	0.18890181585340496	0.18389171414388958	0.18061151119921762	0.17986850437481175	0.17661923153878717	0.16937690533406105	0.06525505521374848	0.06091032719124365	0.0576272939063853	0.05394599463621978	0.05207437830827313	0.051260082227281296	0.04770924202276998	0.04654134727016125	0.04562314847671553	0.03423359243544732	0.032332187624738155	0.03177724805533235	0.030647576015205638	0.030628285349408098	0.03050906896592727	0.03026663011818642	0.03025070874114379	0.029673981049693265	0.028765419418039395	0.028524000387595505	0.028340473845680527	0.02823119094844991	0.024718534276345443	0.02372305263795946	0.02252634855164568	0.021450122619549657	0.021255983079663775	0.02086643302053305
0.516499441612834	0.2978320169998246	0.28836335564880766	0.28260126739296487	0.2670494861813902	0.26354371748575495	0.26162027767220475	0.24384306445802273	0.2412207276985618	0.22606775665826942	0.11937022172917867	0.11901513704872592	0.1088698842658038	0.10738120373281997	0.10047003799087487	0.09810179760045522	0.09462097650484287	0.0929712055235926	0.09183694632236529	0.026426862584385973	0.02368863886801965	0.023208772305590684	0.02261991184203502	0.02206422381448594	0.021817938286514914	0.021250636102494485	0.01911593257851808	0.018582562076160446	0.01561061940617598	0.01544156397379744	0.015053458601317866	0.010421166314072885	0.009960228867703952	0.009915148729987106	0.009841895092712515	0.009592279016582196	0.009490602717154229	0.009461531499372854	0.009401280270563908	0.009229317155805846
0.433959952103642	0.429424614987746	0.423335210690675	0.25286071508006913	0.22799589311029705	0.22321280099464505	0.22048635738263606	0.22015765197860288	0.21740059784878413	0.20291312997497413	0.19511927853552252	0.19173475949195576	0.09103287784625258	0.08304601845930429	0.07949337752408583	0.009141737686849897	0.008795365686691122	0.008486204688102465	0.008265270779159334	0.008020906018727793	0.007560745846662047	0.0046087052268106365	0.0018493287099702591	0.0017218568884762578	0.0016958456039506287	0.001670124781968851	0.0016152847804217023	0.0003402551493469601	0.00032051120370936567	0.0002914859598233947	0.00012584675695370985
0.5180668627025428	0.5125182075657707	0.5079207788052468	0.2803444548374263	0.2704388040247285	0.243347765678192
