0.69
2	3	4	5	6	7	8	9	10	11	12	13	14	15
1.5962547307213684	2.3066517042990964	2.46336848986098	2.2897763840097047	2.0207311251112214	1.8583781829020798	1.8471702173030355	1.8475168334220506	1.8591964430626666	2.022319391844306	2.290859619059113	2.4639475965150566	2.3070286769335193	1.596433308060755
0.520721492657009	0.5165643618551476	0.5131521015079782	0.2705046878896556	0.2595277922864586	0.24115938033761858
0.4388615449017396	0.4357369106029326	0.4307832961849121	0.27217820716380187	0.2185527052078901	0.21710025658473706	0.21205041290055662	0.20940061336018473	0.20615193606715942	0.1994296567733703	0.19212265076940832	0.18955326083336346	0.08287805696713671	0.07830935826951443	0.0747182662633558	0.008890570142440905	0.008625313787302039	0.008317403763831955	0.008278236959011217	0.007963884934978504	0.0077120990548750715	0.006584651452707229	0.001694182769137669	0.0016582028480194577	0.0015681725204578737	0.0015221974132954602	0.0014212690764833394	0.00044950495183525535	0.0004302494572227701	0.00041527865080905437	0.00018546868583075056	0.0001764126975815971	0.0001682571314667213	0.00016777262312630612	0.00016538850291957958	0.00016308443847670427
0.5260215113326858	0.3105657806440306	0.305065575229282	0.29874084919501737	0.25771018489862696	0.25118063995161855	0.24423744483714788	0.23984066349103433	0.23402535736984686	0.22063620603607487	0.1207500743934331	0.11712974975846104	0.11091813440474481	0.09527523327149123	0.09230492230357727	0.08928904635108599	0.08912508361452685	0.08638670196490857	0.08338812234169289	0.023286665836010564	0.022687231806227663	0.022558267057069602	0.021993682388977864	0.021659880533495424	0.021359235336847564	0.020630504059714304	0.019521285879675627	0.018952437206997106	0.01881136032805912	0.018530318094954798	0.01847850518165529	0.009386235511818755	0.009301945502377005	0.009178315254051264	0.00892635744244811	0.008844273318124147	0.008650144607901838	0.008480224422521896	0.008352963139899148	0.008000381129746673
0.4788402058548333	0.4636425451654287	0.44096326541917014	0.2693090056223893	0.18845342051105465	0.18456721764932896	0.18031364108277412	0.1784761944449511	0.17500458858284346	0.1697985335217992	0.1691615119067037	0.16377769097656178	0.06251681663268402	0.05944601985807552	0.05714345262915177	0.05644241983659534	0.05600177521636526	0.05457285896046543	0.04866829282093292	0.04774374738743122	0.046378454798411774	0.03279632409151911	0.0319678103586246	0.03112454258085237	0.03065585880623681	0.029890835017070256	0.02818975475937146	0.02775270407825245	0.026964653577228517	0.026787196576041703	0.026081268685417106	0.025932886173811884	0.024990775217376554	0.023804849614970994	0.022853606276246136	0.0224352061297856	0.02125874690458312	0.020248468035877893	0.020050393335040464	0.019467731380752504
0.5293072631893883	0.5065548243018602	0.4896981240282078	0.20080966478616516	0.16086371406206745	0.15633148940944797	0.15201566283193377	0.10695577529409327	0.10347309230763202	0.10200014702583649	0.09946994014916023	0.09410476523427616	0.09309749444454675	0.08557344222485244	0.0785419377653394	0.06352716492930699	0.0626002202829895	0.06063342050719605	0.04894755295227383	0.04794887441655014	0.046798567869832323	0.045710035525833526	0.04490140213280795	0.041381464988111655	0.03245475542608581	0.03188360049575054	0.030766368667804387	0.030319067672391793	0.02947934878813167	0.02922620572421115	0.028651857698017133	0.02860566425170834	0.028111110409970292	0.027061054927791973	0.026035978751774585	0.025243217752888323	0.025184973813515355	0.023220982617970485	0.02139839404337976	0.011034203583269876
0.7193991297117247	0.29958202622799074	0.29228037922886607	0.2811727906321564	0.19793355634224646	0.18858772475118635	0.1796934112534649	0.17746120182599126	0.16884919319596522	0.1565106324358779	0.055793878525365374	0.055390242212401936	0.05438738615533005	0.05422751962166069	0.05308718056736284	0.052818396914605416	0.05149921120556753	0.05019268323529236	0.04253760804244663	0.04016487959601111	0.03748135970282056	0.0321024509294432	0.03133824411229673	0.026010638434678553	0.025354936235604114	0.02508040671091268	0.024174042781467696	0.021946212541838882	0.021936924152359535	0.021465209171307717	0.021192641107150405	0.019187823156167617	0.019107031694970966	0.018969630617305198	0.018417705812060176	0.018243833700012146	0.018180432776643586	0.016648499455879706	0.011524423327150264	0.009387348456752037
0.5312787101244447	0.5242278839037289	0.5122821580617006	0.22667126061230075	0.1195535846662237	0.11676477732725078	0.1098009373821288	0.10970941082608646	0.10394274512695552	0.10041518278326879	0.09471358467541596	0.09356818738830922	0.09135796984768936	0.08148599054558739	0.07451623454646045	0.05201393011790814	0.04784220064329946	0.04270586520840976	0.033462973256967884	0.03105237712559236	0.02938117714257946	0.02808239165357243	0.026361814231473026	0.0253898222406289	0.0225906536522473	0.021999315615215367	0.021775045798116094	0.021457765491441724	0.020754478946035097	0.02070639518970585	0.020632656310215852	0.01982504849291229	0.019767471186363524	0.019478305145964207	0.018869619649630565	0.01863789489976855	0.01725242090801613	0.016677000200389046	0.01476137405300654	0.013260207554640939
0.533222343696982	0.520259379826565	0.5139250001872868	0.22683994404117058	0.12097385189147536	0.11906588960829287	0.11343480152227145	0.10853552199395304	0.10261112839038941	0.09837524759950717	0.09549808191703878	0.09230643235640569	0.0896789807520754	0.08221169459573667	0.07428058102142195	0.05303278642789373	0.046571090248844316	0.04227912008124176	0.032291163844640695	0.03097205027192482	0.0287402699193666	0.02852660776783445	0.027346155726819112	0.02547144884740422	0.022477572776332323	0.022005621440475874	0.021781396060216358	0.02135855294522356	0.020760160297892304	0.02049017092216288	0.020478184909054977	0.019842316602107956	0.01918743398544759	0.01897979882882906	0.018911702040933547	0.01889261123037344	0.016434962922567152	0.016088566131581054	0.01519424482954713	0.014500322886147441
0.7189505644605975	0.2992967841556406	0.29343662685693905	0.28039015952892565	0.20032130408930696	0.19108167228288592	0.18346167834928653	0.1735118708362012	0.16513956012498154	0.15642887077455478	0.05588694029449512	0.05509368532699875	0.05499766833302103	0.05436574279026465	0.05355064754782702	0.05343550542897509	0.05084718548521943	0.05036850818206926	0.04345250837794901	0.03979796487259346	0.03755355788649495	0.030629026131604956	0.027156866145104687	0.026725627545882907	0.025376652337321365	0.0253389456555056	0.02424742509346792	0.022987513459938273	0.02250235721781569	0.021512054834909037	0.020459898821616154	0.0200871598575704	0.019674925971763957	0.01906146116659716	0.018405684929208854	0.01828259350213234	0.01800555959150776	0.015957514214890493	0.010612318281411397	0.009806541076217262
0.5316964084967055	0.5044647501586593	0.4880986435010436	0.2013216594425867	0.16089742634544704	0.1582675156450935	0.15204325263780227	0.10835490628769164	0.10445064199632037	0.10285305343937926	0.09905422007783998	0.09702161753788341	0.09297140557418468	0.08224303518569935	0.07919672413002106	0.0638296271850249	0.061677851644293666	0.060385923929633205	0.04866723346981049	0.04780051962704285	0.04676782925915594	0.0457759521715827	0.04490553206344338	0.04065627831004049	0.0320222985026317	0.03164284118808994	0.03079523601323523	0.030658728434162556	0.029837944650889438	0.028986752110022024	0.028816702008023255	0.028401805504266926	0.027573409969410947	0.027038852217917863	0.026419658845977283	0.02509975179382428	0.02376366631167578	0.022493259088830653	0.021047230764826813	0.010474489240074127
0.4784345528474492	0.4648192411613632	0.43957910990553417	0.26918429916765063	0.18910412491723852	0.1866010715457278	0.18008741468636008	0.17927679288201112	0.1745005346191036	0.17025858719879	0.16842325878075226	0.16212897851190267	0.06396043908492965	0.05851871854721884	0.05728982961306078	0.05673698348961623	0.05629870468058422	0.054235599776251794	0.049086131812524005	0.047579889220330754	0.04685031784677908	0.03408774030007115	0.032010788771174165	0.030921707770496427	0.030578023097606762	0.02947478772544304	0.027913758151891545	0.02718911794391794	0.026704883444231223	0.026510521563673943	0.02650840120488014	0.025845951554659567	0.024656462687075227	0.02452575248460868	0.023920369442044894	0.021587048752626355	0.02142019070476713	0.020871827018124137	0.01954482019200648	0.018417631758751368
0.5259276325123403	0.3114907526303715	0.30402089153793	0.2985274223534227	0.25701901778835295	0.25144668177883017	0.24577338687348707	0.24024391340492213	0.23530810590502782	0.21742398520708528	0.1209169278231504	0.11793065691245759	0.11061189698465328	0.0964352209377362	0.09282249881847275	0.09020451583477622	0.0881032894051509	0.08567830457889256	0.08344046502867349	0.023419056040444905	0.02328284043188541	0.023248345031886074	0.021988687903596902	0.021484876939085046	0.021002236136512302	0.02051695393667956	0.019414844931817478	0.01928126553446134	0.018682436567298833	0.018473490798051356	0.018346942170715464	0.00964060119180813	0.009360921500652387	0.009157964734341767	0.009081378302021192	0.00904545938601931	0.008764276334768657	0.007936344989643653	0.00786519816756142	0.00719082143826932
0.43885464962090304	0.4369406043339689	0.42930588068245124	0.2721849374741497	0.2186984134418203	0.2165011291463723	0.21218303244113235	0.21073286445690106	0.2065030851458388	0.20093501576934406	0.1899340913718205	0.18894887985061504	0.0840457522038589	0.0779682709884371	0.07455586962148932	0.00937361677854027	0.008742306316190895	0.008538202760749857	0.008025461558112734	0.007799940639534817	0.007329064290560367	0.006637875373910918	0.001782682960555769	0.0016749421559043378	0.001648888311182409	0.00156532047293262	0.0008447733602053698	0.0007824880468620976	0.0004390175879702595	0.0004292480065546731	0.00020115063552502565	0.0001897318579554757	0.00017195871964336069	0.00016187371171432567	0.00015721698964388684	0.0001451751444960819
0.5220422739977374	0.5151200514999081	0.513069280311502	0.2706526082516428	0.260452802580764	0.24040510305949933
