0.47
2	3	4	5	6	7	8	9	10	11	12	13	14	15
1.7127891815121599	1.4402329665098839	1.7934701396404245	1.6287315535995628	1.7741273113080864	1.6938874231319274	1.7366635286074794	1.736208821631979	1.69408996010789	1.7736495421284388	1.6288021294413004	1.7929804229192823	1.4401848290049832	1.7124498191622948
0.5463264715501355	0.4026189880275162	0.39820199948991847	0.39612739645065737	0.39214120950601883	0.26489405835900626
0.8229483627507698	0.21581857014092248	0.21220631654263292	0.21035734107277027	0.20740561556092407	0.13402209774734844	0.13291330706832705	0.13134853499026927	0.13106918105445792	0.12933472037888133	0.1285924520777872	0.11450667507421106	0.08216647989010248	0.08088193474063633	0.08024426334334347	0.07910834914211572	0.019699840663799276	0.011709241506530868	0.011242614187601902	0.010964847850784387	0.010637002626631593	0.008006980554587477	0.007808915595617831	0.0077000836560086735	0.0075611936948953564	0.00749557340430556	0.007106594032757543	0.007052862976108171	0.006979574962428514	0.006831424177416721	0.005071132710313645	0.0034510322425786466	0.003404454029532591	0.0033976401074712038	0.0033625087463977797	0.0019815941080015905
0.6059813603942987	0.38279252546097	0.3762343609363357	0.373446740889009	0.3679170992904325	0.19568222888957149	0.0628339610465968	0.0610811843263345	0.06023425938085709	0.05999594153428929	0.05831580448715762	0.057571726309975785	0.029357179774115755	0.028729471838467253	0.028511956745808233	0.028315198236093575	0.02795181246105556	0.027913470808908172	0.02738061341114536	0.02711644771243337	0.026334231138689553	0.01692832625373628	0.0166099519461204	0.016335302627874443	0.016299777292000456	0.016003879629560448	0.0158674469744759	0.014116532071149443	0.013212494206207964	0.012947515438422852	0.0122798256530205	0.01127660448852051	0.01073692017031274	0.010140473664159022	0.009711218004830583	0.006737605597235583	0.006530541610017837	0.006154277871733256	0.005777608563754934	0.005508442636237315
0.7723765426574343	0.26677410260270523	0.26027442322400274	0.2580527789840225	0.25303587976583847	0.13371852463290967	0.1321400357493153	0.1300538277993318	0.12968787482184962	0.12725830213276204	0.126408387519363	0.10287676990910269	0.06653626268754936	0.06511010096598442	0.06425245405662745	0.06297533766179776	0.0453057516910679	0.02103935940825073	0.019419438122392805	0.01934896013262107	0.018239056194665197	0.012241169609398195	0.011764746964534285	0.011654328270463253	0.011192195310466422	0.011165209482448356	0.010890315844922248	0.010747034598333406	0.010509390543964568	0.010373840851329945	0.01004468031365903	0.009897829869089986	0.009869390507098187	0.009513069498454103	0.007450599813220576	0.006592496424244995	0.006214034311863089	0.005659347240471413	0.005363146108131599	0.004638564547050212
0.6561692194053347	0.360719412294667	0.35300206567122466	0.34992280726492675	0.3435559810457233	0.1431807553402626	0.08716136408011108	0.08478261144962128	0.08312335229314377	0.08270085162986719	0.07927396368922429	0.0791672943596686	0.04743150909466594	0.03140039960834091	0.028812273585972065	0.02856218182803133	0.028251771069261758	0.027554579025442488	0.027187391054104663	0.026650995850201312	0.026504056886793078	0.021540342884686092	0.019980752232223342	0.019482622916551978	0.01848765196812995	0.01648884788422301	0.015309303557526951	0.015229828460153038	0.014400553877953469	0.014288402203585373	0.013945758405242552	0.01340081549286658	0.013353455342658272	0.01299915013648754	0.012847362511973335	0.010360004823638335	0.009712290272355734	0.009528897919580339	0.008601808406185539	0.008454396412127264
0.7367649809933262	0.3034832420746468	0.2960023039718875	0.29302782683157225	0.2874816894091573	0.12226438601021232	0.12042735833899995	0.11732349202335123	0.11688036433184469	0.1144865112204714	0.11349183584322818	0.08370708330832631	0.07129576577229262	0.0491639480213624	0.04718635694675918	0.04632034986218744	0.04448859322474413	0.02584945855344834	0.024221820156657012	0.024028581629439837	0.02283593630303919	0.017781010755214013	0.01719972585461107	0.01643586478628808	0.015668869636401787	0.013119389952992992	0.012528530285800721	0.012381072347596177	0.011828837496124003	0.011707879066139276	0.011659111867175607	0.011436951726519992	0.010899517435542478	0.010854830364269895	0.010479654159551252	0.010209798548627762	0.009841771971923055	0.009125425927467267	0.006711636776419046	0.006355932363765179
0.6986634658767681	0.33473634774908584	0.3273763704798364	0.3236363468881244	0.3174548663757481	0.10623206997706579	0.10366396983583223	0.10311561143193147	0.10090924799649975	0.10006708524990302	0.09802890297030666	0.0972007886638418	0.06476450024815268	0.03350990239508183	0.03177759615635612	0.031002549413523567	0.029764379289453313	0.029371090963204886	0.02778153502871513	0.027119906600788238	0.025865425172027442	0.02347765767971059	0.022374580054546362	0.022012672360874	0.020898412509732525	0.014727393344592837	0.01333717166019881	0.013083494820103413	0.012328618635010153	0.012043089616084812	0.011748786835823274	0.011495810556701427	0.0110928685309441	0.011005043305872538	0.010828049256065807	0.010467428132183152	0.01042114860884022	0.010410245366653222	0.01006740976080038	0.010034288460251565
0.699083083151813	0.3341846496775412	0.3271140094295213	0.3231312097661452	0.3176511797078882	0.10634443811752675	0.10455248783343463	0.10263366300288834	0.1006669645549542	0.10030086340572975	0.09818043129936484	0.09697936388885606	0.064985861630695	0.03420616376085561	0.03217217448145145	0.031463986927833094	0.029586250389315564	0.02900665056932305	0.02771366514909118	0.026850110142834956	0.025817382373385617	0.02328454940364334	0.022464868824003188	0.021965717316525985	0.020885461669667597	0.014630964955214869	0.013324074894186345	0.012897743928244818	0.01240206161594201	0.012199870404130803	0.011815650698355641	0.011512297741902398	0.011368272131362853	0.010959644791164713	0.010726160744350196	0.010517003738371548	0.01028031941008898	0.01024136689668902	0.010006456371420475	0.009840095694364583
0.7364450804954855	0.304059222060258	0.2973318783005029	0.2928227906057663	0.2870878341721993	0.1219305793480154	0.11979129709048023	0.11736799217014267	0.11663189549539901	0.11462002869420332	0.11343063186217185	0.08342047142264407	0.07164047289540516	0.04874102350792304	0.04682984732077046	0.04607795995312767	0.04465853828756697	0.02592934598801037	0.024673143139370707	0.02374737692651311	0.02282749660741737	0.0178960784161858	0.01705885088158435	0.016601732490601113	0.015661640317569243	0.013074993704611374	0.012627712822241694	0.01226974135158709	0.01217381572968592	0.011809682941459594	0.011798590041172308	0.011039106786014542	0.01100272241746198	0.01076008390379776	0.01058905762059876	0.010486083282351831	0.009773737202196646	0.008944147625122812	0.0067137541298053355	0.006411189222968717
0.6566130920569808	0.36026726492968214	0.35354866975683613	0.34899514692797534	0.343516499389337	0.1427217223903776	0.08786259951138044	0.08516295848418902	0.08286662661908263	0.08261678266425258	0.08019712125316945	0.0784198715806997	0.04758901520121588	0.03095959317751982	0.029435599058876435	0.02810597866634533	0.02776382752160109	0.02756089036282703	0.02707435173512057	0.026631336996015016	0.026401931124217473	0.02207893943988458	0.020698029024819285	0.019513268957363664	0.018340597519824257	0.016414454609310555	0.015615844751784904	0.014843655645319042	0.014308299659715583	0.014177291315234873	0.013832952174064122	0.013392690853986866	0.013282471219290192	0.01299809013077748	0.012863160217399848	0.010399764234392372	0.010113459411701142	0.009291047575958682	0.009185154651632343	0.008291717519652193
0.7722083035676301	0.26715582862792436	0.2618322631020803	0.25736930909150113	0.25282295966719903	0.13365556630275546	0.13176923869721915	0.1299348276034039	0.12950746068555377	0.1275244606709069	0.12615925274292875	0.10264643331276145	0.06619686373889899	0.06483237146650078	0.06409055890239486	0.06302193499939396	0.0455323469942675	0.02105132319367988	0.020009753816997534	0.01891837026912115	0.018220337049490224	0.012203705821557881	0.01188813517826697	0.011518330806857874	0.011484042365134573	0.011235520655607076	0.011127018954259637	0.010955266538457482	0.010365385793776221	0.010048514854503513	0.010014708407464372	0.009917029617240726	0.009736919579933688	0.009501258699500914	0.007492317861469278	0.0069416954148250245	0.006011458432127989	0.005620118440458659	0.00536044756036931	0.0046244675808881945
0.6063957299487642	0.3824954509903094	0.3768940804960064	0.37266665132293797	0.3678015785162478	0.19526588674662884	0.06316059032764822	0.06108474460591597	0.060219523588202734	0.06006627296463918	0.05864663209762472	0.05736565335770279	0.02929689384494497	0.028815873214460552	0.028451761259634768	0.028399981560355902	0.028022625896334464	0.027836976841313872	0.027369467379459108	0.027002688959574098	0.026315125532480443	0.016860978108478263	0.01654024799403667	0.01631365286436609	0.01624958163009432	0.016002528976822798	0.01585726847006592	0.014081641270679752	0.013496914905905481	0.012693382539698277	0.01226965578312394	0.011336257199394403	0.01083111383326833	0.010151078086935666	0.009720952432922812	0.006742120181605436	0.006609529340515745	0.006086589300350214	0.006056193617562092	0.0055086158548857895
0.8228965295346994	0.21601291720931254	0.21297324775741078	0.2100566658810105	0.20742023389623468	0.13410351002316703	0.1326344679015362	0.13123798238556306	0.1310315961042818	0.12953503150269297	0.12836359455225604	0.11440128020686323	0.08195327634717106	0.08080901258089306	0.08005176464342903	0.07905941924238985	0.01975057397533478	0.011709899298940887	0.011343833772821504	0.0109091087891182	0.010643779621652196	0.007995272599806298	0.007846121986953055	0.007667921594465105	0.00765802502743471	0.007487714919482812	0.00709276842596127	0.007040135473407254	0.006943579427853774	0.006827398700408484	0.005062356509481613	0.00344130734622104	0.0034073856143546385	0.003379051644318893	0.003352823742339468	0.0019742838808937415
0.5466226116447036	0.40249388803569214	0.39868410614542044	0.39560808685500054	0.39209472608205503	0.2645927841669657
