0.51
2	3	4	5	6	7	8	9	10	11	12	13	14	15
1.6653434787471593	1.6989650375996896	1.887281600726741	1.8585113005427896	1.9074463992295865	1.890215847458672	1.9010291336449312	1.901945512627228	1.8919249165523728	1.9109384678989048	1.8607442961981617	1.8900004982456886	1.7005637484796114	1.666947815708441
0.570418451707764	0.4224839276741193	0.4044227742141731	0.3896162241646226	0.3691114789540844	0.21101719000439145
0.7613243717278877	0.2663092668351689	0.2534708542596889	0.2422740241582954	0.22714584623804376	0.1693339842632464	0.16181312858401745	0.15442352325741404	0.1516579709802766	0.1442092758738753	0.1385719011488378	0.10097735699481296	0.08126280240247928	0.07637608744025154	0.07274319556800868	0.06668544080540353	0.014058764405381879	0.009541234041849448	0.008935192663710192	0.008218114656098943	0.007405891103348015	0.007208836668970392	0.006904085410225014	0.006527251146580931	0.006525320828399715	0.006092289689157643	0.005497661015320292	0.005383759135937442	0.0051348548736540245	0.004767488442580734	0.003145823768115671	0.002190708016336268	0.002146829663498172	0.002113730669076216	0.002041256541661923	0.0012013350891323929
0.5980388511219831	0.4037601506668355	0.38284917889671055	0.36441652926400436	0.3377433668908313	0.14250594630931823	0.10191548352512625	0.09601202890418914	0.09114254009464016	0.089013626889308	0.08306375597998478	0.07897345655332398	0.05084165866183072	0.04696636819153527	0.04479244476784925	0.042563961962774496	0.036627612995047035	0.03297702885237398	0.030525263646577937	0.026695618433588964	0.02431008732125294	0.022833652627457457	0.0213983655619552	0.02040291986146953	0.018751615900663533	0.017874555053699878	0.017686189125562867	0.01111605981400235	0.010744303651394204	0.010231167909725086	0.009516536934401866	0.009230608223298126	0.00852204737588526	0.007836762844991204	0.007819996245548032	0.007555102430245629	0.007544589263108376	0.006755508532247398	0.006649594428594335	0.0057233881650683395
0.7037408065018275	0.31670829671057177	0.29914513491764755	0.28263877018417066	0.2592929081551757	0.17496848574259602	0.1648588900931378	0.15623579835958737	0.15093577976325948	0.14216681143901483	0.13555859932954886	0.0795806797541304	0.0627745619143502	0.05821048942831226	0.05485203437773454	0.04811879786706994	0.031328552374343295	0.026507033050423238	0.02392388373144735	0.022430374116177113	0.020370600524750173	0.01787760503349873	0.016355552122918886	0.014039751813567564	0.011991108014216746	0.011636096226026772	0.011465876845987976	0.010682510620669522	0.010640301929276995	0.009592011434762376	0.009529221875375825	0.008561421003660967	0.008316629616987125	0.007989933736161428	0.007662603583930068	0.007131657902336566	0.007094436563953138	0.007091873340289289	0.006947451303846379	0.0061278489949090275
0.6243016882555502	0.3884771536091408	0.36603107105280464	0.34604015791741793	0.3153010605306343	0.13423828508906924	0.12410812546965092	0.11734386410956058	0.11201664010029272	0.10387777289611963	0.09811680809576778	0.09771376900568979	0.05260972485574162	0.04717840045526196	0.044211616585832475	0.04144774984230857	0.03416215848662377	0.029975215270865534	0.029695164112022884	0.02673812073582003	0.02105519704003593	0.019745570281707474	0.019663938893858958	0.01836292264592888	0.01753053431479778	0.01686564036202969	0.01491168470848719	0.014730636976569202	0.014122549837202646	0.01325631176621685	0.012861391386890313	0.012723049370697771	0.01253587700573471	0.011715934041456013	0.011421114625995732	0.011239654319667655	0.009954332498431034	0.009864649481888803	0.008120563092237031	0.007577598466108859
0.6730912759671441	0.348137594121195	0.3273008727344469	0.30813040886139603	0.27896938035187707	0.16770668165535826	0.15709986725038538	0.14721960469348902	0.14072235569832253	0.1306002760029226	0.12364618156923408	0.05831128265621457	0.04773640665999763	0.04433393527904286	0.04081990792032606	0.038924388634622366	0.03774140810641692	0.034260659578686764	0.031297652781053696	0.029797068862480847	0.029194028865929075	0.023770197999374104	0.02117220453637205	0.01802828990315925	0.013589783973655824	0.013306730474118856	0.01286726388099702	0.012010884978736588	0.011912143850614227	0.01077626058373984	0.010571596315697448	0.010148678356581637	0.009336146128449277	0.009284772157010877	0.009269171622956675	0.009250731104097524	0.008878440597517053	0.0082752488289171	0.00793960109332859	0.006745511805319006
0.6490142598635678	0.3700091054153419	0.34836970738935463	0.32779493189141734	0.29597306825445907	0.1544373805343811	0.14356006562634543	0.13419357346264804	0.12869432086050578	0.11887047151052414	0.11154397155135366	0.06740824759537023	0.04758213541282006	0.043060338122326	0.041245154686829086	0.038185761313213995	0.034911976183929064	0.031528236311782296	0.028272597394709425	0.027659409252617735	0.025117204100298208	0.024715603616490618	0.021479497572906618	0.019529794318317046	0.01564536575999235	0.014098345725846175	0.013422269566517599	0.013366413811458502	0.012725946890048707	0.011899576937957871	0.011893701715099727	0.01188088072726566	0.011868834182374043	0.011296707037538802	0.010417073086542848	0.00978239276156478	0.009356975017435262	0.009282826372612614	0.008873923723851969	0.007939358081377301
0.6474860229023932	0.37117818169600914	0.34898409038383266	0.32907858281681973	0.29770187691655425	0.15390849122818048	0.14294052041187555	0.1333413570296693	0.12687660049432778	0.11819661588972216	0.1104968907892129	0.06926210684359513	0.04748216246700705	0.042068336927234114	0.0413512547540955	0.03874720049178922	0.03534428868585024	0.029684271408291767	0.029663822128734543	0.027273957143893062	0.025477292902634282	0.02356221345182785	0.022178111562757754	0.018237439985771924	0.016451734185261933	0.014370837642866454	0.013677905916944	0.013416238747571377	0.013321941805611812	0.012649229383708185	0.011904450752466149	0.011870568509722665	0.011758346834962874	0.011541684206730183	0.010334490667649217	0.010181719513307718	0.009665003732557726	0.009270071646487809	0.009083160440520037	0.008848088412362223
0.6737998377930313	0.3468656291455663	0.32678100903375945	0.30700846965029743	0.277731348071265	0.1675503689222855	0.15727660476992633	0.14770486474187594	0.14295346279263135	0.13176804559956143	0.12485089511257662	0.05986225226746138	0.04651603523537968	0.046441834623964624	0.041282377429335174	0.03872518115650142	0.0380206714680501	0.03415512943927653	0.03192740866442524	0.030896602027279892	0.028379172121732976	0.022749669683698195	0.020648331236100385	0.017474592983898366	0.013575642686379551	0.013492642708798793	0.012921412304227258	0.011992676546269183	0.011972026861017579	0.010834731889858465	0.010666778710998146	0.010262765806535502	0.009356311759977155	0.009297251452754738	0.009265313983621312	0.008721965994314686	0.008555256816388464	0.008485104809979592	0.007488019942974292	0.006959243847078258
0.6226516643079032	0.3887710181586493	0.3665962133884378	0.34673332897978537	0.31681914652364684	0.1333269606382137	0.12323558847278109	0.11624352103126061	0.11266160977906615	0.10378310279385107	0.0997051601370563	0.09738084399176078	0.05232806301915447	0.04771365418824702	0.045086877821157466	0.04207414915528029	0.035179988890869256	0.030258204713025795	0.028713031009693663	0.02703717861886792	0.022210660566548	0.02028876985804224	0.019213764789350576	0.018782921429779637	0.017120414662936356	0.01701503597087481	0.01628662226996864	0.014212240524229936	0.013954728490427988	0.013889282947957667	0.01315052532584494	0.012974283655907427	0.012377178320311566	0.011651069454632039	0.01123491191998604	0.01112768556687494	0.00990577654400005	0.009723548897187628	0.00880808197399394	0.008125694093706188
0.7040646876838098	0.3159062374017109	0.29824520902547963	0.28133406975520586	0.25888114675037566	0.17463904051648382	0.16517343968355502	0.15634811964652964	0.1523865746223534	0.14312808470005062	0.1363908863445739	0.0808657703256656	0.06394144103262163	0.05876644455223891	0.055599255937820787	0.049598745734993274	0.030670536504765988	0.02622231183631928	0.023915301105339366	0.022379636930249643	0.020205144725116104	0.017448219331416347	0.015970765142264382	0.01387509839176622	0.011976456070852345	0.01197577059582255	0.011458345549654643	0.010660460583412301	0.010620195975636987	0.00973502689207573	0.009570618714529555	0.008606951283686612	0.008354973189606959	0.007953761759811297	0.007868412986013014	0.007395747214087085	0.0072573862936472075	0.007135141973784852	0.006932800445013622	0.00646349039111113
0.5966409060891205	0.40417742034402504	0.3828685351103004	0.36461368025590446	0.3389266770831112	0.14418793029995858	0.10145404588155335	0.09563154340520855	0.09066390523889789	0.08905521819468747	0.08297181863840702	0.07864252129541402	0.050801779911741354	0.047237515275555184	0.04514817601427672	0.042791551887267826	0.036985859042024	0.033210953863225666	0.030781601382554095	0.02714680289090568	0.02444242334789251	0.023093273757806416	0.021535391724954507	0.020897614263129905	0.019060515872825035	0.018184643678528033	0.01742692231572037	0.011106958749191166	0.010616076315085703	0.010178984909086001	0.009399283103751876	0.009182881384443085	0.008381261357565424	0.008096812313635621	0.007812961505895095	0.00752948096958226	0.007434271872814636	0.006731769738752195	0.006623065699779454	0.00574354845886497
0.7613619066771623	0.26579630242213886	0.2528403338261003	0.24149901393711343	0.22685925233201928	0.16926561732390386	0.16205422601588002	0.15444478034604323	0.15226863918654351	0.14470415796576222	0.13897790823603692	0.10174146257483299	0.08191407293549244	0.07683506925964574	0.07335144520293821	0.0675812735024386	0.01393206324288389	0.009504909919997922	0.00889700545696668	0.00818514303974652	0.007438911095103153	0.007206091634525289	0.006897459559122093	0.006521591172366069	0.00651480826587257	0.006111499091674415	0.00549080300002852	0.005413667167865167	0.005163123952862006	0.004810934717809512	0.0031821766428361	0.002221517976524956	0.002176156515188623	0.0021420239737865022	0.002074902150100539	0.001223439862309225
0.5693822979300396	0.42259825516876515	0.40442830476562625	0.389717714808097	0.3697180912746321	0.21232262146469766
