0.53
2	3	4	5	6	7	8	9	10	11	12	13	14	15
1.598946444988208	1.798184919995568	1.930113044847024	1.9481971604485726	1.9770810681069235	1.9775031355229338	1.9839924967963833	1.9842765826370277	1.9780309068453676	1.9780493911878125	1.9483000764784526	1.9313356984162235	1.798914583688698	1.5993958867864142
0.5785444289840913	0.48792681140673594	0.41859052940399205	0.37376331428025317	0.2867712499978578	0.17337524093166817
0.7177017481786597	0.3355590477605422	0.28422707276327513	0.2512032874689427	0.22789433587280197	0.197645988071069	0.18749976035405144	0.16742323128438577	0.14459008110623528	0.12416444884269766	0.1117270533317049	0.08685758271860326	0.08333695406773815	0.0708477274782715	0.06136172727647823	0.03953954945299729	0.010926739411992334	0.00912154005140997	0.007945470276872512	0.007896975218560883	0.00704319443820003	0.006480233110870793	0.006328504138098064	0.005798204009887529	0.00435064552687695	0.004205093516068497	0.00401552329357904	0.0033345442215954257	0.003091693111612373	0.0024249632765924287	0.0021447982493586052	0.0015941678118487923	0.0015041376844560598	0.0014495988343992744	0.001235334358826737	0.0008350462933550962
0.5773531707536138	0.46936768347941615	0.3938062148147816	0.34528137648390156	0.2426658626554846	0.16126147764335688	0.1357261759211991	0.1135766898621795	0.10971325204557578	0.09436965450778421	0.08260814425166112	0.0815411313778917	0.07371314185804022	0.05853030262497122	0.050779052373295636	0.043996369076586765	0.04327571034776218	0.03480876772068802	0.032172940349416035	0.028801494529427967	0.02700932670193739	0.022782360527726902	0.015673367737980257	0.014890510825165947	0.013094718654657138	0.012860446238359649	0.012089800963353116	0.011342931806453203	0.010094388715353567	0.009889562246077382	0.009486381573618693	0.008992535079838	0.008393398589204326	0.00764885123867339	0.007542272559969651	0.007508664570937063	0.006633423393082753	0.006553168090043314	0.006401867246532382	0.005899145924812826
0.6505423893176128	0.39171925842955607	0.325605785347026	0.2835179926544852	0.24611627659644517	0.20784986390749466	0.19463783356173034	0.17102205277154697	0.1385960237152873	0.11794738526688438	0.10570019637936404	0.06512703565104155	0.06054789966920464	0.053103985176940885	0.05121794354465293	0.04330586042020864	0.036939090476052684	0.03137402505822868	0.027169663969110816	0.023671846987935462	0.020680799334137034	0.018419414716039022	0.01677731969027065	0.015686186752036646	0.015009929213432355	0.014763504139621379	0.012971772515639652	0.012931977014545052	0.01158757382791535	0.01151463428141331	0.009830054341176902	0.008490735053032682	0.008095647816264236	0.007900571161449878	0.007399810459040725	0.007133379354879112	0.006163466144239187	0.006126911364476461	0.005792181950206101	0.0048646814363192264
0.5854522745719797	0.45647991232840057	0.3788951760067087	0.3290106998084829	0.21716952218539384	0.20802804157254862	0.17228660419886688	0.13973369220975254	0.11104681882824301	0.09625675684708727	0.0885792032405849	0.08602889280154734	0.07273524042130822	0.05947063195298361	0.05129708382390859	0.04278940018091289	0.03847423472980828	0.02857719364989048	0.026121571584860965	0.022386517332720512	0.02231396687742364	0.022096527502577474	0.021038547329930386	0.01700627924412372	0.016064802316126146	0.015517600903212287	0.013252525741825264	0.013094135734580428	0.013019325701799075	0.012210847860496993	0.011703848140287491	0.011479184579540839	0.010018202635111927	0.00986234269961493	0.009386364383110512	0.009347165584100772	0.00889300460631368	0.008683503788411363	0.007923402983657965	0.007750631922035246
0.6185748930935788	0.4220453536845204	0.34843711063763005	0.30178093111227927	0.24590166252720022	0.20373316512167292	0.19631950012238245	0.16413360815529496	0.12750065282969883	0.1088602665208885	0.09748067300628964	0.07325099683095543	0.04865310959149277	0.04633332656610622	0.04199931802639027	0.04159188623852954	0.03569642818281387	0.0352229221796327	0.03484718844188481	0.028969452396189553	0.025231250094200096	0.019034870886244493	0.01769604865330913	0.01739531296968662	0.01573393766533341	0.014988725585044757	0.01472327267345938	0.014436334353830729	0.013838999801510194	0.011930413071208113	0.0116589541604706	0.010970710712813145	0.010344179075514425	0.00986675237423304	0.009310992412398987	0.009105466383724425	0.008957778427811824	0.008843066678314991	0.007990048404089557	0.007539328363209868
0.5991345493733303	0.4418063821396924	0.3646363083194335	0.3152853849236574	0.2336679956169047	0.20145772631220285	0.1925334319919085	0.1545932059894227	0.1193496113432558	0.1028104660372445	0.09211464824602823	0.0838580598020317	0.05519257862411529	0.04925544856606421	0.04725550859119228	0.03959144284474067	0.03307222009665589	0.03135980064618584	0.03081331311560614	0.025093248905286053	0.0218875836358569	0.02065203387302524	0.020421964325319345	0.017834689505217504	0.016792668555719835	0.015579974477169604	0.015342938184738192	0.014995469634036009	0.013948225852660494	0.013469459273111667	0.013468713796216395	0.01109074791482711	0.010871346661904657	0.010406435573672544	0.01025392774761713	0.010151212873454059	0.010032086623108163	0.009720985655339437	0.009059847399082393	0.006888785168528085
0.5986000054220137	0.44203299142995495	0.3650443520122885	0.3159596344587903	0.23362308982235422	0.20173991514371736	0.19215397987525643	0.15404677505756387	0.11919487488578047	0.10248444619727944	0.09168314103282216	0.08413983771599451	0.055252572437515864	0.04990456184229876	0.04738567706605635	0.03999402848425508	0.03292958488885214	0.031504975631952196	0.03043254717221034	0.024274954073278145	0.022418952479168995	0.020754167481656954	0.019262965550185397	0.017830475556568758	0.01739084189348911	0.015595793761434195	0.015534162576808768	0.014970522045350116	0.013990700085237647	0.013471202066284724	0.01335642491419756	0.011131421212722212	0.011073278151883187	0.010979641621313447	0.010255833808650099	0.010061014208346434	0.009993075772057393	0.009874225219604484	0.009053374655981604	0.006818188078680629
0.6189537734439803	0.421753938693552	0.34803873539244834	0.3009006917544832	0.24611163306064118	0.20401804690348777	0.19584827577448455	0.1651585386926224	0.1275107816380825	0.10913658453233963	0.09783870768509981	0.073399755022361	0.04867924149105914	0.0465364466584671	0.04256758689502955	0.04149973728179806	0.03572577789019147	0.034973771971186285	0.03445287414705841	0.02971508384587504	0.025145426439886678	0.018964344208856277	0.017689050170446686	0.01753727469878794	0.01580354688346707	0.015062485941155663	0.014558745222064243	0.01437401444399605	0.01393338758303002	0.012083509649904038	0.011654836106330604	0.010973245200654704	0.010117302362650004	0.009999500123821387	0.009318742048632454	0.009085554246745429	0.008940619972864073	0.00889933442298717	0.007654078118983153	0.007567403377559755
0.5848723005405576	0.45662828905635006	0.3792595565136783	0.32947504580706916	0.2170761277843122	0.20833678972620961	0.17198079742904068	0.13929614552217764	0.11079715404371993	0.09595300492346923	0.08899146550201811	0.08557951309994435	0.07336420552301837	0.059526246549494115	0.05138073074490038	0.04306761668932508	0.03861484332834974	0.028611204438076555	0.026771612861809645	0.022494416750889323	0.02230853717895437	0.021920824758733484	0.021683003960393334	0.01683034442939381	0.016538369408842166	0.015494081183887043	0.013266754160001247	0.01324277039502314	0.012256797172886955	0.012245052754341172	0.01211961599178924	0.011651266418852587	0.010095237105114204	0.009867195380997876	0.009394066506644816	0.009292282195641065	0.009207491161087392	0.00878965955594449	0.007948981204948441	0.007655750997710744
0.6509092743687726	0.3915610806639285	0.32535550221027437	0.2827563048286399	0.2465076477325936	0.20811652093381278	0.19377058636928143	0.17142102739675108	0.13846325147376684	0.11784499209081972	0.10569866305830472	0.0653318936028666	0.06066547952241672	0.053078252329439836	0.051580321226136164	0.04387341618816044	0.03734121924896074	0.031304784700168	0.027199319712619557	0.02314615016156665	0.0211496188139025	0.018474829375491504	0.017194390923822297	0.015788830065784788	0.01497571422138187	0.014770988829434535	0.01305193149421288	0.013010640820339297	0.011625913947059025	0.011442748145495741	0.009815632849446745	0.008554871191170156	0.008440307691941578	0.008125474600813908	0.007398274260658389	0.0071436183596440455	0.006405445227281111	0.0062486953832320245	0.006172296725441423	0.005798797254799418
0.5768157213774746	0.4694578826977465	0.39409489626422883	0.34550769270661164	0.2424245751919989	0.16176646289131016	0.13558326556038966	0.1134886694100011	0.11031292820702411	0.09417572029006727	0.0824814525936018	0.08171724291179842	0.07344933746446314	0.058575668378496995	0.05080611637865433	0.044106233276575424	0.043367887946777754	0.03485621328728324	0.032384852334183374	0.02894803932910422	0.027192112372846685	0.023005327316906084	0.015753101335373977	0.014965022284583011	0.013086795232177229	0.012944243886119521	0.012056832692867414	0.011450922990815572	0.010081068175345778	0.009878226225284361	0.009578948284101985	0.00918971764718465	0.008620998900059003	0.007893086257550912	0.007742766068970657	0.0075698830647485905	0.006568640246864296	0.006535327815207429	0.006455730855683975	0.006258125742883252
0.7176295016358825	0.3354148168558495	0.2843124026115591	0.25092278732658224	0.22823456230812958	0.19780357759723152	0.18710704288504118	0.16761920627113142	0.1445045880921631	0.12415933186160319	0.11173627465145052	0.08706245273818143	0.08363744444029879	0.07108957368915189	0.06171536340936872	0.03972308598229645	0.01090223312373871	0.009119532884944437	0.008007083320018512	0.007899858160050123	0.007102681656048906	0.006480672912863445	0.006431300930812734	0.005803850824595505	0.00435528821679009	0.004205599878919256	0.003988789802608095	0.0033258593291131465	0.0030832763586628614	0.0024101564856953825	0.0021535361284219933	0.001604207561459053	0.0015138498630298991	0.001457884294904502	0.0012405367758914904	0.000840807855248368
0.5781735229509106	0.4880626488504468	0.41881515681141107	0.37383838189475677	0.2865831921242336	0.1738362183057746
