0.49
2	3	4	5	6	7	8	9	10	11	12	13	14	15
1.6929287392065229	1.5649639673300189	1.8292543465952678	1.7357000583625073	1.8269093527005897	1.7805561090852067	1.8045358592844514	1.8046515999560042	1.7806257842346669	1.827155442574398	1.7360473172269388	1.8294899618458098	1.5651477608562947	1.6930471420555453
0.5582000274278633	0.40502610995943633	0.40218669819980063	0.3916705194207707	0.3888199775633166	0.2408851773898875
0.7957878676436667	0.23472153803710577	0.23233271654744864	0.22413198119553568	0.22173900853446293	0.1478049029808107	0.14234064967600246	0.1419276187031317	0.14121909955165976	0.13987846094274647	0.13610889098186577	0.1096779591065768	0.08088287051628038	0.08016576107317874	0.07719425478856998	0.07647875496326254	0.01702162406282573	0.010577098607122155	0.010293368206458466	0.009569321495744446	0.00932626614054544	0.00749669631140707	0.007411410163091005	0.0072553497281174694	0.007057264289841504	0.006916708381237609	0.006484054553942737	0.006278293768045574	0.0062080973942181565	0.006099817917034153	0.004102087583807803	0.0028132596059544505	0.002800771054313577	0.0027451602740648337	0.0027312613018954076	0.0015754953909983146
0.6050339356719724	0.3849370714272515	0.3811432666123889	0.36721186934137157	0.36346563173265184	0.17070809463655223	0.07829193708715872	0.07352490232128364	0.07343978081067237	0.07283440974533303	0.07103129237676145	0.06800044237937872	0.036497030036899504	0.036162445611431955	0.03482165456859808	0.03452074056418621	0.032202842728995616	0.03130028497666645	0.028842728044483575	0.028038667322385934	0.023210629884053657	0.020056619190302164	0.01894929497876764	0.018807700924227348	0.01864423899073918	0.018319198607360275	0.017733536828617603	0.012739238904031447	0.01229038370795491	0.01099111947350846	0.01090897995635081	0.01052100876994487	0.01050970634174826	0.00938720200847428	0.008966621849555876	0.007144915559852229	0.007125664724998528	0.006510441834075684	0.006373926466605829	0.0057357939353125395
0.742923614922869	0.2838704383056041	0.28025781140598166	0.26752637402643753	0.26389061156797133	0.14936292723202996	0.14167629135357557	0.14146237816785845	0.14015475576392075	0.13843069319721385	0.13427087214876385	0.09228452949077191	0.06370871524639586	0.06303734533877076	0.05979921308595752	0.05912937475231665	0.03854484452414356	0.019091125720108765	0.018293489192615555	0.016527444895585983	0.016466929701483682	0.016077563127802945	0.01581702509081061	0.014620689991953685	0.014339738259448048	0.0118800427539966	0.011719639190206962	0.011355654123851299	0.01098769022386325	0.010654812504830823	0.00939600059084055	0.008981924518388562	0.008862987674235275	0.008639413528236816	0.007396652064117475	0.007200978888408515	0.006804421282237078	0.006087922502768868	0.005999049100208009	0.005722631930666041
0.6446421256741307	0.3654220563017776	0.36115342012963175	0.345619360324915	0.3414201784990717	0.12099042510094485	0.10601718398245263	0.09756358923179595	0.09681455930535159	0.09595269411255511	0.09353480810011969	0.08961452696380556	0.03853684057596478	0.036384585667643625	0.03601860641486693	0.034187155085285734	0.033841441284486205	0.031663218264093386	0.030483848747296375	0.026788085029917263	0.025767542382457438	0.020142334383059367	0.01950720764461974	0.017008756471418723	0.01680176784142838	0.01633949130686794	0.0152936564944196	0.01521971599966285	0.014762333665302814	0.014734985535324562	0.014571645326452084	0.014300308725979061	0.013807567370506493	0.013247897397465498	0.012734651112583352	0.010788527825030394	0.010770280279265517	0.009800335667640164	0.009487820627864674	0.008474285214510338
0.7101440691370149	0.3168213031602809	0.31269692917821146	0.29784272075810786	0.29369704280358644	0.13924636521184863	0.13122672714129163	0.12947919760046922	0.12808346051041847	0.12640792283498545	0.12246064760418794	0.07168537194808337	0.05926460867441517	0.04544566137478831	0.04492970594971939	0.041098539586715006	0.04054945141286417	0.025027248610431856	0.024717520085352503	0.02355865999508254	0.022669191149278053	0.02199084503565659	0.021578553614815428	0.020667032137286663	0.020123840850927048	0.012952971333482756	0.01274977754175345	0.012406252969573059	0.011960629857377439	0.011642426134057799	0.010744571591335161	0.010738808912897817	0.010366463245551436	0.010194900095803316	0.010034300101154362	0.00980225226177693	0.008547855047681355	0.008151172996121286	0.008008750482642176	0.007404857505878921
0.6785192872745118	0.3433768740784161	0.3390977051100164	0.3235436368869379	0.3193238525417663	0.12471735864090994	0.1157609827272226	0.11394565319751122	0.11258090042356317	0.11102920828103735	0.1074757442077258	0.08556236847979029	0.05370741719044602	0.031269885542193995	0.030958900533163743	0.030759764041533223	0.03036835146810517	0.028055296952578527	0.027734172742981317	0.027392887437988307	0.026966270555091112	0.02658731250658297	0.026521172383096335	0.024202472296073866	0.023566124418540235	0.01322138620365023	0.012942321359876966	0.012503736955494374	0.012338917546479259	0.01227618184751081	0.011974827314355983	0.01141891821633684	0.011409476011513202	0.011129813437229958	0.011117651478145515	0.010727694071275334	0.010718501633759155	0.010175663541930195	0.009988060008597905	0.009758221122493593
0.6784284457980913	0.3433948233646921	0.33910523652636604	0.3236584033617933	0.31942000912978163	0.1247458788207326	0.115672736925078	0.11396378491252748	0.11258481540290621	0.11100006132740343	0.10735945865615146	0.08566449813000546	0.05363662496581867	0.03127525511957102	0.030956351045559796	0.03075743926842238	0.0303671205379087	0.028077994182724997	0.02775455648028665	0.027425154542934444	0.026899382725934697	0.026605802467282533	0.02646409643442282	0.024208422919939465	0.02357370164506143	0.013220832568614184	0.012939694247229794	0.012510478727916325	0.012338482693512677	0.012282150733894938	0.011977713663423586	0.011430426092150666	0.011412439042531176	0.011129591940297457	0.01112490135976107	0.010746408554345877	0.010714996935291913	0.010171112285065403	0.009984437352512572	0.009754125866606228
0.7101761320624629	0.3168678858947101	0.312674252021604	0.29772978461567157	0.2935733194997151	0.13923445203881965	0.13124436542221032	0.12957848326883814	0.12817123098667232	0.12640990258138515	0.12251295775325766	0.0717784661415628	0.05916983888873095	0.04551606965488867	0.04493505085431541	0.04119763937373878	0.04059755824617799	0.025063400808983137	0.024732281199214307	0.02353555544871529	0.022653822649123887	0.021999673523787303	0.02152892531485507	0.020633498696414832	0.02009041264528102	0.012957536355928374	0.012754580786532663	0.01240589490113129	0.011958875486361374	0.011643233436182274	0.010772745000980969	0.010748124574511988	0.010374767251461327	0.010195757178339144	0.010036014442685762	0.009801424406565229	0.008473397224938268	0.008092085007115736	0.008005792192607416	0.00739838766019046
0.6445196962483958	0.36545011800539756	0.3611571259736087	0.34571617943467314	0.3414900730584523	0.12112148457750208	0.10605035030964034	0.097353146687247	0.09704756575192909	0.09612688431009511	0.09342966041209148	0.0893603077116858	0.03835491179287355	0.036405132393303175	0.03602067226674295	0.0342185679795377	0.03384579666172478	0.03188006133885629	0.03050538791035172	0.026890819374362294	0.025778819017402033	0.02015411315604625	0.01951697984104321	0.01688376116466445	0.016806343291818703	0.016252512582414762	0.015306538631532281	0.015236340648148357	0.014823459496589577	0.014762225935324474	0.014636501872373116	0.014282746705494042	0.013828328732680247	0.013201539098586143	0.012704371646384705	0.010819945852632788	0.01077161814973492	0.009801064323140011	0.00946403573082887	0.008461389248378099
0.7428764037477749	0.28393566185517405	0.28027909019582475	0.26742800733356603	0.2637841001389717	0.14935187114106402	0.14167079733185334	0.14161177418564858	0.1402831131795274	0.13842476480344393	0.1343008973562167	0.09239876452168874	0.06383907414596603	0.06304515049028836	0.059930869172433884	0.059181653407508444	0.03851911291430993	0.019089126851613382	0.01829861052133245	0.016511886237697844	0.016472732913351672	0.016033205434142314	0.0158080646486633	0.01453975934967635	0.014087071561086066	0.011887362838118113	0.011728206858453084	0.01135693754261824	0.01099063131746866	0.010660840898766084	0.009396906338153023	0.008985717004916682	0.008867694110599327	0.008638290601149257	0.0075440002042548035	0.007192599222049167	0.0067980444891348095	0.006041356549100518	0.005971593439764185	0.005818043926950863
0.6049182715777581	0.3849812761368538	0.38113701296848906	0.3672751872950904	0.3634892116275504	0.17084760471027158	0.0782939376915175	0.07367854089052964	0.07331456265580637	0.07302198748688436	0.07091856545259603	0.06770028907374553	0.03652104909145854	0.03616391058957769	0.03483850763960664	0.034508969548816514	0.032425516307775355	0.03131817391790573	0.02898125657950974	0.028051977708190064	0.023080456459665364	0.020058603310363615	0.018960491074398903	0.018931543726742616	0.01873300909110953	0.018301217224724012	0.017750397735553432	0.01276828767147988	0.01229324834547108	0.010921620319314514	0.010911820686956845	0.010526459957330626	0.01045764654411911	0.009281914649019202	0.008901102778698393	0.0071663693954227906	0.007140309616577478	0.0065061376152015914	0.006355877376917293	0.005721520255541458
0.7957754257614863	0.23481212528094378	0.2322955968592478	0.22404419230117975	0.22160595430536326	0.14779686019373775	0.1424585715038119	0.14189178897349994	0.14131929273422034	0.139853043390471	0.13607477947222418	0.10976980695316287	0.0809846095816318	0.0801789105433081	0.07729991842922714	0.07651843271235192	0.016989746948114875	0.010577426665622698	0.010292530238167497	0.009560082832368562	0.009314571114528693	0.007506670115202164	0.007419943248820009	0.007254816659565586	0.007057353127395311	0.006917650161017449	0.006481176987522699	0.006276490699983955	0.0062073213634509785	0.006094319354017888	0.004105584024068112	0.002818418418626387	0.0028037453216175506	0.002748491555918207	0.0027334393102035827	0.001578286201981507
0.5581149513283451	0.4051036710018308	0.4021549095564275	0.39170251405932804	0.38879004373872494	0.2410012197759604
