0.59
2	3	4	5	6	7	8	9	10	11	12	13	14	15
1.1006574639251128	1.3745750233458336	1.3880288832114673	1.388601189668222	1.388140716315337	1.3877945776210152	1.3876280450071774	1.3876281407454216	1.3877949231745956	1.3881415107899824	1.3886028240410906	1.3880312998619748	1.3745771386124737	1.1006583810386406
0.5772878225995087	0.5772877257329734	0.5772875606698499	0.008500436063398837	0.008500146522440098	0.008497881386106819
0.5713150532298445	0.473742906575099	0.47374273489206975	0.4737426459717348	0.006104656744029934	0.006104635730383567	0.006104528207216189	0.006104422711925167	0.006104413384187481	0.0061029486972205066	0.006102162437777477	0.006102146849553809	0.0017561059222181367	0.00045506233577316996	0.00045504683097341185	0.0004550426068324134	0.00045502730393057476	0.0004550258477750806	0.0004550228764021819	0.00020298212262582634	0.00020298068565551846	0.00020297393934515264
0.506946622734453	0.5069465824162225	0.5069464572824754	0.47825323312794255	0.005498665248861459	0.0054985510513166904	0.0054984409991971316	0.005497110076860931	0.005496997996789078	0.005495557884437167	0.005318140818914378	0.005317891753237156	0.0053148357066322635	0.002417563214114153	0.0024164729362920264	0.0024163978710326646	0.0008072669034524805	0.0008072648581907436	0.0008072236991226309	0.0008071486764001391	0.0008071450070794836	0.0008071432419732806	0.0008071412647550815	0.0008071378525944279	0.0004223590137809721	0.0004221203879022962	0.0004221157290171768
0.5049702788558691	0.498257828577125	0.49825773297147513	0.4982577257247751	0.00453168445387552	0.004531647079689925	0.0045315234911720795	0.004531435471244171	0.004531399554503408	0.004528852662473141	0.004527485726831338	0.004527484617314566	0.003766776986414093	0.003766559652813977	0.003763108345055496	0.001356494653551058	0.0013560936389643043	0.0013560826553590706	0.001290585545277475	0.0011801705777190184	0.001179973185645604	0.0011799681628902278	0.0011797769418446784	0.0011797706085675758	0.0011797662488488383	0.00035129335881924415	0.00035127302499760493	0.0003507718615920443
0.5002486622129996	0.5002486551081852	0.5002485054144838	0.49908710369710124	0.003713739029024835	0.003713605290757851	0.0037134736305133816	0.003710921131800807	0.003710786748274803	0.0037080795152875786	0.003704053587757314	0.0037037860783535057	0.0036983949893449578	0.0025810523459326258	0.002578766264058126	0.0025786791512706934	0.0016271834656440502	0.0016271822416667001	0.0016267759454567886	0.0016260489375680136	0.0016260417265406854	0.0016260292481329005	0.0016260045210625647	0.001625985134669855	0.0006027660005643064	0.0006012158459714895	0.0006011910078316039	0.00025692322284996786
0.4999797557951191	0.499963434508086	0.49996341614109574	0.4999630520755104	0.003043083524922906	0.0030429530427387146	0.0030428005894424914	0.003042773644985533	0.0030426458383523997	0.003037333300127772	0.0030344651647506837	0.0030344636601905314	0.002729915322927411	0.0027296637981153037	0.002722546661216878	0.0019094019375372738	0.0019077046506957374	0.0019076745380921748	0.0019060121942257864	0.0019059814916050815	0.0019059502287212375	0.001905100046263651	0.0019017403185302895	0.001901677830588284	0.0008453848581034809	0.00047905135267927893	0.0004790188814855352	0.0004759297351956167
0.5000169363358824	0.49995714421819015	0.49995712129558045	0.4999550297280792	0.002560202000764872	0.0025601423501060458	0.0025598781798061537	0.0025596720347685455	0.0025596152116962707	0.002549899355679879	0.002549625246058918	0.002540915597331425	0.0025386174815431287	0.0023137762803318563	0.002301316534150119	0.0023012659314355006	0.002185390446115474	0.002185387720704894	0.002179857794711394	0.002170995794917711	0.002170848781388979	0.002170701393491777	0.002169956620278249	0.0021696498983490515	0.0006086029567266545	0.0005994302219009824	0.0005993904031869733	0.00044904311355262573
0.5000169192976066	0.49995713920046436	0.49995711588671965	0.49995504807488483	0.002560554502289532	0.002560442531970418	0.0025602165037303657	0.002560083570888984	0.002559981320818588	0.0025500534576022712	0.0025498070883690693	0.0025409364711466193	0.002538640462831941	0.0023139379064757797	0.002301314154480254	0.00230126809990894	0.0021853801179018396	0.0021853754900743685	0.002179802710434598	0.002170875709744944	0.002170744973306253	0.002170615637286067	0.002169820059718497	0.0021695489775196597	0.0006086886703522034	0.0005994358898892366	0.0005993947262734228	0.00044901870821468316
0.4999796810718673	0.49996344512243995	0.49996342047592773	0.4999630782698073	0.0030439691151673076	0.0030437836410219642	0.003043615346122611	0.003043517919131871	0.003043417181318785	0.003037611568253573	0.003034494580524085	0.003034492912797596	0.002730389853549544	0.002730213311422203	0.0027225432045023218	0.0019094617699294747	0.0019077546470834409	0.0019077306892808761	0.0019060671739933523	0.0019060505655507094	0.0019060335221636577	0.0019050251334832705	0.001901704678510538	0.0019016732587089794	0.0008456395525416619	0.00047901485443895334	0.00047897627465177223	0.0004759200108731925
0.5002485289518342	0.5002485114177012	0.5002482870584145	0.4990875203652085	0.0037149796836347657	0.0037149381892463283	0.003714895693199904	0.0037109705151300437	0.0037107796389061576	0.0037079747041907263	0.0037060676923731943	0.0037059712899953044	0.0036985722149867947	0.002582567216976263	0.002579716660475093	0.0025796791016238683	0.0016271559182294802	0.0016271080593916688	0.001626594955642478	0.001626281901766435	0.0016262598472315275	0.0016262421296863961	0.0016260035719741525	0.001625948224102834	0.0006024283942912562	0.0006009405216458281	0.0006009061809203123	0.00025708206875635597
0.5049687365349727	0.49825835861821516	0.49825816321745237	0.4982581571183782	0.004537240815699852	0.004537113278369096	0.004533245210398003	0.004533205186785186	0.004533163501099909	0.004527904828190592	0.004527547037389373	0.004526576550082029	0.0037701532216816336	0.003770092332863768	0.003763086130853882	0.0013563668834267182	0.0013561916860282241	0.001356103778131424	0.0012857387889016608	0.0011808419333354907	0.0011799148741184515	0.0011798753526280526	0.0011798393984656602	0.0011795583465036479	0.0011795532861214885	0.00035111593895786257	0.0003509916461970295	0.00035080711906630913
0.5069461204804002	0.5069461113890079	0.5069448040459332	0.47825576007594134	0.0055134302929334515	0.005513375146097017	0.0055133213328699745	0.005498503228693241	0.005498445055767848	0.005495461799451688	0.005315562857048337	0.005311877903119117	0.005311537702033471	0.0024180712531584364	0.002418022895913103	0.0023785392564424418	0.0008073742037490042	0.0008073692321205023	0.0008071938612117239	0.0008071754728179414	0.0008071573065166563	0.0008071523597154666	0.0008071477556793798	0.0008068061635289962	0.00042194577104396344	0.000421924897479342	0.00041750626558903313	0.00016908702499524318
0.5713136087569944	0.4737456400667366	0.4737421190006	0.4737420871128735	0.006112528422076524	0.006112509723851546	0.006112491425631692	0.006104359157416588	0.006104322900041236	0.006102221174229137	0.006102186367477055	0.006095931362757242	0.0017433938275718689	0.00045536848303209907	0.0004550293476452368	0.00045502604144477554	0.0004550222667988971	0.0004548628735451221	0.0004548600486102095	0.0002367175749928305	0.0002029056365121291	0.00020289813724523102
0.5772886035888565	0.5772885636301232	0.5772858476193167	0.008503590706159359	0.008503547485895267	0.008497719223552162
