0.6499999999999999
2	3	4	5	6	7	8	9	10	11	12	13	14	15
1.4898146187077026	2.0845430575083292	2.175402278804865	2.0417727789003326	1.859885945947465	1.7356021378270432	1.6970456539715384	1.6964976825128204	1.7347312671777997	1.8600836040209685	2.043560624741617	2.1775604040680085	2.0861315649001506	1.4906561568732242
0.5399915080170666	0.5369212804424199	0.5362482740738108	0.21141572677913867	0.2108613371547273	0.20833479160754645
0.46120316654930854	0.4604414949449707	0.4585649184988207	0.3834831285388747	0.16477499814915578	0.164138906041531	0.1619566446506184	0.161716298384664	0.16133266253199716	0.16089830129105398	0.15913077096862735	0.15901839485443664	0.05295033443063078	0.05259540861018768	0.05205467608312041	0.014095254481682555	0.009599469731287986	0.008903162295661581	0.008883769436707082	0.008235252205944324	0.008214787859076308	0.008192976907059281	0.0017041150467594541	0.0016924843605724204	0.0011993535628923092	0.0010821050042947357	0.00107644768655975	0.0010731549855042153	0.0009778340729820524	0.0009722409645480686
0.5425844126397732	0.39268019145596	0.3919214578317679	0.39180699016293796	0.17685358075232058	0.1760936876070118	0.1752413017510622	0.1741101023563712	0.17335581005465997	0.17093422813904735	0.11530591868569873	0.1146613232842051	0.11174394924120408	0.05323267598021094	0.0526028502119169	0.052314175716758546	0.05201731005353084	0.051842998716503	0.051661120528401855	0.033377520395119036	0.03115907816965693	0.031047966209826035	0.020661970977562498	0.020615871419326488	0.019971386337401333	0.01844516591828339	0.018355758189485094	0.018044147850646303	0.01800214397962927	0.017956480029094814	0.011788679619495113	0.006739968586626801	0.0067262303961574685	0.005918446642103822	0.005863940763947372	0.0052543103747760105	0.005228909433137059	0.005193130919332462	0.005181642529500417	0.004734146093884018
0.47755570948880205	0.4772596404789063	0.4759929686120947	0.3900251539215677	0.13016672109623376	0.12995672934232008	0.12920473585153922	0.1281075834250629	0.12670082209145542	0.1264801194789518	0.12529178734636268	0.12478779264175076	0.08138703121921395	0.08071377336535167	0.07857035437768461	0.046890919495449955	0.04306353888427811	0.04280246632289201	0.03188112986583687	0.030305699118932997	0.03017675222979856	0.0288408588750641	0.02844698331576378	0.02835047989835763	0.028251852633410356	0.02800609698723463	0.027681769342100586	0.014970852223089857	0.01479402199885713	0.014406674000033615	0.014175361877992152	0.014104838927439248	0.013714477692679711	0.013436319571537526	0.013270235628271567	0.01299763615238269	0.012927430997447842	0.012900579158183224	0.01197968938348764	0.01181682129481883
0.5040679775297217	0.5029363912157448	0.5008719639302954	0.37080889321076266	0.11360614203916931	0.11177303348448989	0.10930536778263687	0.07695459540596182	0.07265296764806205	0.07223147203743119	0.06589243957633008	0.06578378357646254	0.06146508736730603	0.060163127192029944	0.06012143479906748	0.06007626575456783	0.05848339920571851	0.05825002129036112	0.057513424179847374	0.05580502411285165	0.055508362878406624	0.054895012999516546	0.054184298336113906	0.053602703362390675	0.014968129487041593	0.014794252053256487	0.013977647231401907	0.013350832840107487	0.01315517915011585	0.012891484955355715	0.012355957005847802	0.012195912073686399	0.012090170312829909	0.012051081532417728	0.011919921973877442	0.011048719694609604	0.010970449694973107	0.010895605816765122	0.010823311251158848	0.005885612113409887
0.6233011380928378	0.4202413423339868	0.4188296178020118	0.41675444244184184	0.10134150607576187	0.09674400115699953	0.09643214791751546	0.09260487503563758	0.09229532970917342	0.09208626992294165	0.05329463588433818	0.052387040415016316	0.05152050628865259	0.05137365272788651	0.050732150163739526	0.0501764127628073	0.04959367305552237	0.04954679808995191	0.042948923551954905	0.04122331883348948	0.04103757064061585	0.03380124070025317	0.03347399432173739	0.03305469237526937	0.013287819193427928	0.012864895995105149	0.012749184093373068	0.012084783927458938	0.011969816903559177	0.011902871552757956	0.011737228468826074	0.011697817901305384	0.009837059049976012	0.009365810225955331	0.008795985521961572	0.008674941329922501	0.00865087447321995	0.0086370532795831	0.007859832996668635	0.00783246334284636
0.5151758715455811	0.5088229084746666	0.505815763646431	0.3987207919825214	0.06570008485157713	0.0648362749762218	0.06412404936038839	0.06382176247928369	0.06331407840107008	0.06317665424625243	0.06145094000194917	0.06117835500896496	0.05900928694176389	0.05812493965823391	0.057943468076510456	0.05570606365586584	0.05429777737211521	0.053956974892244665	0.037485390959163985	0.03709745475490964	0.03675884411907052	0.03665427078792908	0.036152843966433146	0.03568982781572855	0.013307222932260289	0.012439670327101221	0.012074207424750065	0.011442158274413422	0.010917844590133915	0.010562153457433616	0.010452935461725576	0.009190022689416044	0.00839364288894154	0.008147833389349365	0.0070277817823501286	0.006618465770244172	0.006309478159788299	0.006281997295704595	0.005901072915198277	0.005099557721388547
0.5147567290117514	0.5101124983745416	0.5054533630684475	0.398226243198713	0.06569239821673915	0.06469671965811583	0.06396491493981604	0.06367476074832615	0.06232700920179324	0.06191869774706021	0.06141451613931925	0.0607469553058828	0.059186345172697066	0.0584533724715505	0.057853847714018906	0.05575986022384064	0.05492936544698933	0.05464350236593361	0.03772749378835284	0.03715810299227207	0.036987367300382774	0.036411453212656604	0.03637744849513738	0.0361386961666305	0.0131804281357612	0.012282362621502084	0.012098719227605899	0.011249122319026875	0.010985630404844723	0.01077134652681529	0.010673133725153884	0.009142769519786103	0.008759983799328491	0.008121227874460705	0.007232550131715999	0.006576821644806689	0.0062987516688730524	0.006254150338506634	0.005855348935991332	0.005131686794088045
0.6237753124911075	0.4203353672926001	0.41820837598329075	0.4167981540225157	0.10091824013901485	0.09659422375742788	0.09614428625562052	0.09311447724115031	0.09190480241803795	0.090622443913364	0.05375007727336837	0.05248867057551435	0.05201861940589054	0.051692081128559664	0.05093813626276072	0.0507394575096295	0.05030128436126896	0.049740552207267266	0.04288493807060921	0.041085977399861306	0.04086599278328279	0.033708292050095554	0.033095317254761954	0.03307639278867995	0.012993671893130153	0.01272178699164062	0.012583141072372083	0.01215579476234619	0.012041497671394907	0.011887598427228176	0.011772011680169829	0.011682348507041312	0.010178659224646862	0.009441284602907055	0.00919990636517022	0.008806382329133122	0.008491095535092473	0.00816879236433743	0.00790356977066086	0.006546866482022589
0.5045745736667453	0.5020745277337473	0.5012552334148872	0.3705158289674259	0.11430113137771702	0.11129217571116268	0.1105376598144124	0.0772289060077668	0.07329675132840512	0.07249388397633623	0.066137442580121	0.06546633984038869	0.060856788342648425	0.06057236590981632	0.05985222197426315	0.059021325127939714	0.05891106361144017	0.05793614166515537	0.0570825436940578	0.055744463809099525	0.0551206701191311	0.05473372210966623	0.054193993880047905	0.053453273934118306	0.014835777898881386	0.014549388592259214	0.013637705200582821	0.01332330666943578	0.013219083057610962	0.013057576735978836	0.012394628091387095	0.012270206012940514	0.012169146862175628	0.012067702782074353	0.011866941113286641	0.011229184770547644	0.011126822907633326	0.01101591092352778	0.010876651632166568	0.006088578026564041
0.47748007165116246	0.47720073478303215	0.4750908262894026	0.3904967618163708	0.13135260970393087	0.12976416247828773	0.12879741794783747	0.12781863391673345	0.12719218236940324	0.12664825500966012	0.12588753055519936	0.12562443941139578	0.08186885387488392	0.08016882476050721	0.07903498930174517	0.04645189608733725	0.04288293408827073	0.04229572051053264	0.031795415872536585	0.03019394245329162	0.03010074449908236	0.029264397079608758	0.028541934880782528	0.02835177187827616	0.028335005952057228	0.028124512675056015	0.027832502393147857	0.015125408517025924	0.014841012718215104	0.014462403983053176	0.01418236520397804	0.013812935773002305	0.013773492492464267	0.013446317552213078	0.013264846542437281	0.013196353809636525	0.012985396082758597	0.01276437571380095	0.012418976379025668	0.011725479964485471
0.541896744856591	0.3927701766562699	0.3920367702654156	0.39179119454817235	0.17747663356586776	0.17589672561644668	0.1748999931626806	0.17428504418407348	0.1729137521877254	0.17138655496940222	0.1163000223611246	0.11440442195315112	0.11238651941336424	0.05342711791388594	0.05291568129457245	0.05257211802499039	0.05253196966380481	0.05217616293365686	0.0517672716462446	0.03342490771041886	0.03148136431425421	0.031168539711184582	0.02058810947962264	0.020350312533634743	0.01981951582484769	0.018423529001285875	0.018261774759049797	0.018043176230893156	0.01794415317059105	0.01785500177926483	0.01194610226520071	0.006853861284899166	0.006744318940453266	0.005909435826259421	0.005804471293488202	0.005324222600622092	0.005315708890964138	0.005269365741815079	0.005081183883027531	0.004703470854202423
0.4610200353991653	0.4598553815660838	0.4584089102427002	0.38377219817197006	0.1655271026343303	0.1641878132046927	0.1624425698217045	0.1616113299304042	0.161299452320948	0.1609569086992845	0.15979160935035117	0.15882813143111732	0.05333900086738583	0.052576547249085115	0.052445575677507475	0.014232490491166896	0.00950827466788656	0.008894440201352348	0.008857676915632147	0.008254671205411368	0.008214859272879514	0.008184736694862678	0.0017222715600386904	0.0016876850126993528	0.0012257634590577817	0.0011113022744473806	0.001081130688346215	0.001070182881869528	0.000998807109989645	0.0009950208415133181	0.00038332785461836	0.00038038780093897957	0.00037099181694049495	0.00037044673424777366	0.00034837118407003465	0.0003252949430264506
0.5396392069760035	0.5370891855052435	0.536015066960931	0.2123172385395941	0.2109673150534772	0.20839089062755733
