0.5499999999999999
2	3	4	5	6	7	8	9	10	11	12	13	14	15
1.503313214175165	1.8472296679002949	1.9665633202582935	2.0098967083683292	2.0329205028358994	2.043082235143949	2.0476233322743216	2.0482694320252186	2.044494400327552	2.0350799125646066	2.0129806844581526	1.96965975435962	1.849827747456536	1.5052281912770968
0.5829658925310698	0.5324790424642782	0.44218690633113417	0.34715884584250595	0.21057591147544819	0.12738170437965252
0.6650268211429352	0.3932526977337381	0.3228896226716342	0.2876802805517964	0.25180435878074997	0.2214129517909173	0.17987087887118317	0.1490100001287255	0.12327945427143375	0.10623832274456041	0.08308008110714972	0.07605586383756124	0.06056295960570422	0.060516911149477506	0.04420623554924628	0.017613875146083716	0.007614561785084397	0.006972259423108136	0.0063762137066698385	0.006120114560522212	0.005778518600222304	0.005326369407907073	0.004663999486099813	0.00431597980328485	0.0030870888805691545	0.0027163388589034857	0.002229641340529889	0.0019354202934228995	0.0017088975822920148	0.0012632594774687842	0.001252294298552706	0.0009298305911207146	0.0008625578128901746	0.0008088247535542563	0.0006834509810514129	0.000501300187431001
0.545836483894334	0.49542671180240494	0.41079409705519004	0.316310694612591	0.23220126306206246	0.17574643334787549	0.16817560964935277	0.14035397773572306	0.11817061702688572	0.09196811691292088	0.08328541387827484	0.0764134506363936	0.0659554262823142	0.06564258827703424	0.05053143448434227	0.04265653279110348	0.04235232840956237	0.03949187137788682	0.02898624612231901	0.02810793167233126	0.021342751423751506	0.01972239582431153	0.010495076348545103	0.00930535361605352	0.009076551190379333	0.008098264192165182	0.007997401904401557	0.007620859701723976	0.0074605941294256	0.007367213196993247	0.007251736006009629	0.007096926102923856	0.006918698610856378	0.006733027078926144	0.0066838258800677895	0.006653495237387917	0.005922970462735937	0.005377094648199728	0.004916444440885914	0.004020114231606545
0.5861099479838839	0.4348302540002967	0.3575339879607407	0.31356112972565947	0.2738344969306467	0.23569916154976497	0.18886101792673626	0.1442458741403884	0.1146700023699547	0.10121441707590421	0.09403408946095083	0.07851636954152941	0.054091254106802024	0.050878000906397186	0.043258260528967	0.04150439535755334	0.038975607181049685	0.0350369753337923	0.03016192071400998	0.024355143788147664	0.022372660431413373	0.016177085484680734	0.014528688935978829	0.014369162796854356	0.012737882135255597	0.012645183022589794	0.012233049480628292	0.011249421720363525	0.010837860963332994	0.009475943658854229	0.008461515727289566	0.008118697974893337	0.007938663872136154	0.007881416984458944	0.0077384991079971	0.006810178261086931	0.006617335243486703	0.0053874411791025355	0.005324709613501815	0.0042026892106060715
0.5358704501928387	0.4781424879147256	0.39648325765299414	0.3027022778277681	0.28549743191684096	0.21217936351413494	0.16720578227716934	0.1474982665003241	0.1338171099560061	0.10043995191494398	0.09155966816015285	0.07155703431606678	0.06761741187969483	0.05151845937942748	0.048666637263018044	0.04458266720819593	0.033622972671196794	0.031348766186912645	0.02337329617484795	0.02093075259661249	0.01869789164395636	0.018533028108305448	0.015472693934739977	0.015113686403345386	0.014741554345543386	0.014267827301700672	0.01410934497600678	0.0128019242653763	0.012055372791446497	0.011833727787788788	0.01067091381896862	0.010644093409563194	0.010406427948139138	0.009236049586032554	0.008723869733485334	0.008168129331341758	0.007906533597347032	0.006898789575631756	0.006021339484135045	0.005810195147619381
0.5523118246006297	0.4533964718799015	0.37446168483256087	0.3182145015858886	0.2854124197747787	0.23597327716009867	0.18739844255305782	0.13914970830513615	0.12114130100105867	0.10690135775260205	0.09606571502739812	0.07511579890254341	0.061221078026804356	0.046606585718641964	0.041488679062016094	0.03703549375191703	0.029825376563444823	0.02921524667990977	0.025111759660082892	0.02393892295055725	0.020239264247093627	0.02004395964906254	0.019727715308948658	0.016145073729754215	0.015813107957319515	0.015552485574804794	0.013821073039888936	0.013367787244480482	0.011362040160677588	0.011276806503905374	0.011044701196702797	0.010732508028042867	0.009578930794016602	0.009313139857001088	0.009249585581459725	0.008870971699310346	0.007568053598969638	0.007048827220439561	0.006516133061064541	0.0058581976756553085
0.5380908729130586	0.4654607594691238	0.3857451150604069	0.3099178040358322	0.29357065259419685	0.2293943275982682	0.18084295612701073	0.1392403994913907	0.1324676882844481	0.10306667552556656	0.09369847468297694	0.07323915952083239	0.06538970638593306	0.049616676995719165	0.04410042411181713	0.033019000967644103	0.02659755245831982	0.025424589846087205	0.024362684031658508	0.022321952386102923	0.020958595699619515	0.020557372802673668	0.019304116225861197	0.016682109626263465	0.015998520945497023	0.014062633321962495	0.013672329537394737	0.013134887063433305	0.013007283845979349	0.012175527822678932	0.012111668355835239	0.011818268522220928	0.01087332571951282	0.009963644379891251	0.009107544229106356	0.00895949118101863	0.008582905896582739	0.007555837698199168	0.007176359506311846	0.005802052980104977
0.5376567144546095	0.4658707918407225	0.3859512275829177	0.3095939229054589	0.29471244193340196	0.22773904927301733	0.17978096828254583	0.13951004858434535	0.13418774264989713	0.10292569158802821	0.09356563076070058	0.07306514087741986	0.06554675351885611	0.05006859661680125	0.04432088670038929	0.03361943402861612	0.02596518647657075	0.02593994722034915	0.024037354724110924	0.022841685949507383	0.02076334087531119	0.019770197501019538	0.01949516747759202	0.016502537104809797	0.015858813091641135	0.01497766178766789	0.014055969334870667	0.01366524217363406	0.01235748498369846	0.01210867886139677	0.011955939729229531	0.01182692475050337	0.011182427852472187	0.010419581018479118	0.009922928878335591	0.008995494099641909	0.008085992539907797	0.007961597385881978	0.006965148804972949	0.005803124542046816
0.5528155708983467	0.4526161855676648	0.37401730520922827	0.3184240802716379	0.2841240761965078	0.23712176861255072	0.18857170991870373	0.1390962043159753	0.12015342839216922	0.10728264607466405	0.09645221068082518	0.07545026812482164	0.061085852846007725	0.04622606135189541	0.04139697827055208	0.03777011460789612	0.03036543637778745	0.02988658303132719	0.025783120460411552	0.023409945143593736	0.02121609913880871	0.02063560078691029	0.0196676937156127	0.016140149580707332	0.01547037136584939	0.015466601918421719	0.01383575638460566	0.013361259496696235	0.01229017878472796	0.011259286424465314	0.011048144237353782	0.010673474423746623	0.010111009825289202	0.009500701976587289	0.009340065253423268	0.008002893020835903	0.007501705324687338	0.007013808217705631	0.0069350474742917055	0.005351360032463918
0.5349987090777942	0.4784882411582623	0.396607274111035	0.3040031484353806	0.2851433356371417	0.21035117912270856	0.16663468846794618	0.14843477639879643	0.13490021522457116	0.10031755022124997	0.09136210317300213	0.07152060280330141	0.06787273363003313	0.05193603011476329	0.049896366869100324	0.044828398974515286	0.034310336493640715	0.03177972008894182	0.023936906927388337	0.021868099235070857	0.018680286169340032	0.01781675773251757	0.016607701209019245	0.016028265290449425	0.01435676686713989	0.014261056119022853	0.013928825396042408	0.012822786689351941	0.012092178671473719	0.011804042493907513	0.010705642101489724	0.010648876574572646	0.010460230058823468	0.009273908698806909	0.008739787842051806	0.008229441016940791	0.007308581996141226	0.006616569415349145	0.006499227460368449	0.005539521093908506
0.5863259799415852	0.4339666721941965	0.3570986909435662	0.31340013451881693	0.2731494090230001	0.23635295957049632	0.18990300413205743	0.14367055398389503	0.11554840853786007	0.10186784257058848	0.0935178769142641	0.07909774296918312	0.05483656609306206	0.05076125241353612	0.043955774547286434	0.04299216490588376	0.03868225221254413	0.03499283064014413	0.03149443432442655	0.024717497898896067	0.022839039964007383	0.015855619309535246	0.01540811492904833	0.014227576791670239	0.013790961641559303	0.012510539805367425	0.012299882196149501	0.011540800562614507	0.010654384954716002	0.0095103568903695	0.00873238263839926	0.008556362444770434	0.008001152239177	0.007922847914185674	0.00791462055564993	0.007409331285656227	0.006581917269261832	0.005585937068642946	0.005310722787655222	0.0038770941789281
0.5448050322670759	0.495477321407576	0.4108730179636062	0.3174749715700817	0.23208262550923414	0.17436765782306426	0.16909796766124205	0.1399526202184016	0.11862137325815574	0.09173479312694094	0.08296590319043552	0.0777952731400957	0.06617064065511412	0.0658866610989834	0.05069503757935942	0.042981448888021676	0.04289222160704351	0.039819939194042836	0.02982048592879353	0.029217454041465186	0.022174612638606244	0.020651036109219825	0.010058778529808085	0.009087636206982112	0.008903449009576953	0.00811935345224975	0.008043847722067078	0.00803311113905403	0.007997626488144375	0.007435840950291144	0.007410841672053327	0.00739768391840292	0.007331553834023457	0.00692115513474481	0.006723772220180455	0.0067133038725581615	0.006018356509863556	0.00599084429916322	0.004471315614164777	0.004367831550839717
0.6650701159808262	0.39243942447076696	0.32259623503297186	0.2877889132755731	0.25125829726052956	0.2216277003401089	0.18039645576135452	0.14879342905044096	0.12360759293769492	0.10677818839646573	0.08354925929754899	0.0767780815645246	0.06181121593127679	0.061240682786346506	0.045288052972212584	0.01878537560272753	0.007467515503969909	0.006795117556873343	0.006334846416731704	0.0061423680627610494	0.0057953355273908875	0.0053248140677497014	0.00470040968593398	0.004369329082944997	0.003321011369495081	0.0027548037479232447	0.0022293276796709494	0.001950257283813841	0.0017306300599794209	0.0012768068003096724	0.0012572164280166126	0.0009470666582419289	0.0008794182018875917	0.0008151998631203787	0.0006940892855335181	0.0005124267168436507
0.5821468952424919	0.5323826740836449	0.4424161995576159	0.3475404869059269	0.2111385945795008	0.12875438207783724
