0.7899999999999999
2	3	4	5	6	7	8	9	10	11	12	13	14	15
1.6306934768792647	2.3753576480063434	2.5515601357495705	2.371884099529795	2.082761525982977	1.9115654704810976	1.9071357066704715	1.9041827324343465	1.9056545810430543	2.0796403631165847	2.373952029981405	2.554542652908349	2.376604403972405	1.6311420806708197
0.5105420871647965 0.5078685931496895 0.5040400907696533 0.3004834548518373 0.2827979607971175 0.238945313726378
0.4228142224529195 0.42065941298585746 0.41612908633702045 0.2438615901335037 0.242601384134531 0.2406874285047294 0.2301317049758212 0.22856969812209277 0.22591988620464612 0.19578651882758985 0.19302126979507664 0.19047785076032372 0.10560463221830045 0.08972957623316809 0.08427849832084518 0.00922812426274774 0.008914763117648408 0.008460274688788755 0.008213810416297042 0.007630001023732854 0.00735643673310249 0.0021335198514930522 0.00209481217643699 0.00200133393671641 0.001895130329564769 0.0007155612212056066 0.000685329608277454 0.0001262240888367433
0.5002664694086068 0.2898027968391648 0.28785739874737615 0.28527861698200957 0.274531101715814 0.271539848661192 0.2699857861822576 0.23516043196074427 0.23369706543683752 0.22676816533506 0.12644928145856013 0.12577599610563867 0.12435024147503816 0.10814209615160457 0.10715962288067785 0.10544355304880942 0.10189724895775434 0.10108082622523733 0.09924282063868031 0.032077446436650676 0.02393999039146791 0.023826736963190213 0.02373415115810574 0.023098491070557822 0.022590726362190085 0.02197118644608338 0.019828551964873178 0.01912838205455277 0.011977847660181748 0.011949262346199453 0.011903170847579133 0.01171828730394245 0.011671317957331053 0.011431214548466812 0.011050205742994802 0.009548912509940473 0.009377932534971236
0.4821835348243479 0.4584658624092962 0.39866900156753 0.22477123933526266 0.22242686617601617 0.22055460659348836 0.19268166625569771 0.19097574054540725 0.18689725763585646 0.18256482177931835 0.18049724103235912 0.1769770572589624 0.06596318802773292 0.06498832390396335 0.06116563656142171 0.060975278302859856 0.06036665869189646 0.059229536671950876 0.03634425225343382 0.036268244730143416 0.03609254411979504 0.03602598443294428 0.03591847294896714 0.03509845077519429 0.03481658113144328 0.03400515863209027 0.03398969020991673 0.033714900785433106 0.03323585051740576 0.02968416255267725 0.029049216537988955 0.028684440722684886 0.028272389694261338 0.02793074835161612 0.02530671309215484 0.023500743680295 0.023375260325622992 0.023167313401008107 0.021719935227597346 0.019681727456804778
0.5551190118656768 0.4855713476582033 0.4620604900162939 0.17944096929268313 0.17723196839554914 0.17380127242803842 0.12717397078197493 0.1265107098922167 0.1229407831180019 0.11886056297078898 0.11481097621916088 0.11130235919689743 0.09531319935323612 0.09203217242619127 0.08227335665533926 0.05006774078125417 0.04962425602987264 0.0491919594361052 0.04901012084600915 0.04855076881058048 0.048001103204191334 0.047660816832071684 0.04692879389326078 0.037063938147570016 0.0368562838306682 0.03670216430220541 0.03613514828865748 0.036028857132082134 0.035563764788285455 0.03467376059713266 0.03459207673457946 0.033893489168238214 0.03343700025151859 0.03296459092148748 0.03244899809277279 0.03199034086695784 0.030733601428544373 0.0290996097216914 0.027931741471006685 0.012584867324827054
0.7240286787526367 0.2553749296674991 0.2532435406186558 0.24789795129193778 0.2101845003354639 0.20884073097454317 0.20014104803232188 0.1984082598257603 0.19508598611266267 0.1868378720730281 0.0606051431745039 0.060136509475225454 0.059925097990904466 0.05955928751780652 0.05875228706956932 0.05854817571904374 0.05725343319510841 0.05551088260903977 0.04063504419657301 0.03987052531581207 0.0391449147989788 0.03876372769426879 0.0378793032710498 0.0337564149481515 0.03278896261046377 0.032216167099934884 0.03165884814697376 0.03142008065706418 0.02799475974660206 0.024806889364320753 0.022948694965767086 0.022584743073279172 0.02119444392933595 0.013995363611068377 0.013829732934912171 0.013742779802143014 0.013614824220736548 0.013514148781131682 0.013421317447129166 0.013062189385944181
0.5256239917536736 0.5218827349905959 0.5098211469225121 0.15606239570133004 0.153423390848068 0.15219444868992835 0.11894338472536914 0.11796823651115673 0.11561486796345491 0.11450025746672143 0.1102218029173839 0.10660837274719967 0.10508603020692509 0.09878545112551328 0.0657730563725027 0.03408545220543232 0.03395811267349004 0.032610352398874234 0.030571267044083493 0.03047199493383876 0.029334637597773727 0.028864934770593736 0.028666313693404832 0.02814776058530805 0.027258857767917453 0.02691819265651725 0.02544249043568185 0.02492356867975993 0.024895138447461863 0.024607404748732728 0.024351968405051615 0.024346910508947304 0.024057160576241462 0.023868068712072404 0.02331331569407747 0.023182275378591917 0.018925845766583623 0.018678578630243765 0.018053716403618376 0.015520898443622809
0.5272599420443519 0.5182219240466377 0.512634799962428 0.15184725072838864 0.15139431721089092 0.14560755879622256 0.13277225499507295 0.13050376005069714 0.12730173177828716 0.1226006941424554 0.09603064156566252 0.0941532452518301 0.09174613221512726 0.0875899631357789 0.07868238262503945 0.03445101150782706 0.0336974229747377 0.03358642450361851 0.03153022841186515 0.030901776377372896 0.03029269412578441 0.02843370386560276 0.02747142441450287 0.02721147294608878 0.026026784661621817 0.025297684537843507 0.025117970008313877 0.025067644911149305 0.024782458181094032 0.02455371508713449 0.024199398569728393 0.02416585125785383 0.023855750338628457 0.023315032894828887 0.022463261080363565 0.022110276734523905 0.020880164111423342 0.02045558790626387 0.020054733584164756 0.016092192907473976
0.7248526930216374 0.2518326160968028 0.24638809800820718 0.24502000124315854 0.22914729602174377 0.224761440537522 0.21857837345697165 0.1816877459095564 0.17826107578973385 0.17264362331193875 0.06131268501069199 0.06057516267624852 0.06043493723579767 0.06006390202262366 0.05965170936946365 0.05827927899754425 0.056958499703919696 0.05548482304190908 0.041821518493728366 0.04162584298841317 0.041313042146115565 0.040241964290563384 0.03975657485636282 0.030293599731438775 0.03005585100947724 0.02961402556099649 0.029081101029557056 0.027568524439069986 0.026978855225407918 0.025453840464329955 0.025231800217850084 0.02393995212249261 0.02297426552523234 0.014777409148681279 0.013785902702427775 0.013757200557977666 0.013698884192686504 0.013231772605219683 0.012238599483165052 0.012203183252512611
0.5479992249655448 0.5136710857485822 0.439138813466716 0.18022312526356413 0.17868787795916116 0.17342193148839083 0.13282924023928244 0.13023546042854162 0.12860021826805365 0.10997996782989869 0.10764789619738231 0.10611873240145098 0.09701022442423174 0.09328697271277026 0.08430804096560768 0.049393675387792296 0.04912051310731489 0.04864463846407434 0.048496568382780506 0.04829387240391063 0.047377327697867566 0.043957779118454346 0.0433988730833074 0.04080415611874003 0.04022311840179598 0.039957577540006756 0.03944711534702767 0.03921859564133358 0.03903750094001506 0.034828387708040975 0.033820173086256324 0.03191169450870042 0.03147017784326578 0.03126176554484945 0.03078435217365422 0.030698058840497186 0.030501246205105595 0.0269276940072903 0.026031897519185533 0.013229926518871388
0.49683204638249 0.43633148099971975 0.40385113440713627 0.22206480730126854 0.22132743862400722 0.21483356268511383 0.2050457103949501 0.2030542548552388 0.1980314587763578 0.1737883497564502 0.17228220738471237 0.1677102750249287 0.06567430109656472 0.06418066973944671 0.06153188281988401 0.06143716371628582 0.06021205436253636 0.059758384521174844 0.038148229963597305 0.03789992883695675 0.037544985681704016 0.037336316358280386 0.03714171636452336 0.036630889328282346 0.03591058774191672 0.03499622858038439 0.03131693873582201 0.031118083994299054 0.030777253474084044 0.030640848494302313 0.030390099359221937 0.029969476844320088 0.029333490964807106 0.02847196976463036 0.02561960993926436 0.02418198872451763 0.023649344887115443 0.02350612830143305 0.022507692859158938 0.02038053204176804
0.49896480139735433 0.29938115564389733 0.298177118135979 0.2928205026454068 0.261372737387096 0.2605016388687529 0.25537412734716197 0.23980985823453077 0.23672947626492866 0.22969335940616656 0.12550460340353134 0.12304429043323258 0.12277564870870927 0.11567611737884646 0.11381149396036264 0.11271539922040134 0.09716651536747785 0.09549443690287958 0.09460986746875949 0.03227935763857874 0.02389534796491619 0.023520820698652377 0.023461204140633598 0.02304422135037072 0.022879862770354767 0.022607357103861078 0.02000585373083574 0.019312576499351572 0.01264313282500497 0.012500692835971898 0.012385897318613887 0.012216985320356536 0.01211699970499379 0.011996705500959682 0.010044352089643051 0.009912250839646449 0.009811484122822388 0.009657953353162795 0.00956845490198409 0.009461496374264747
0.42282378894092604 0.4207090847369839 0.41396295606557404 0.2529810749664611 0.24966639610376762 0.24886847456186384 0.21980160221517037 0.21666690664268137 0.21606450964940224 0.19954985812872342 0.1958284483544078 0.19374627053984886 0.10411291667948663 0.096107172063872 0.07995651662554197 0.009122776762071134 0.009029443232669595 0.008778799661351163 0.008578248092224756 0.008350913271197044 0.00809563094200482 0.002253265736775518 0.0021846923407331372 0.0021316107403204334 0.0017202720622564022 0.0016774690416015594 0.001622840992936032
0.5117906028031435 0.5058064851002695 0.5038731487767732 0.31081059318142645 0.2693888913624083 0.24324561420800084
