0.61
2	3	4	5	6	7	8	9	10	11	12	13	14	15
1.2124939559191816	1.568724680140892	1.5780500531730648	1.5425597464253928	1.5050867110595165	1.4779852823370683	1.4644296772898069	1.4638827007249848	1.4766778306296513	1.5037700392568714	1.5415447683041923	1.577345998655871	1.5683325364793612	1.2123735056103864
0.5703625764345156	0.5703512129144364	0.5702700353795034	0.08997555578763639	0.08971089357073363	0.08963518847924325
0.5092443214803034	0.48470754986391357	0.48462537850563603	0.48456985139690645	0.06685028602137198	0.06667158406583704	0.06664408213763418	0.06649937615760236	0.06643235959036001	0.06642519657371525	0.06641605196184226	0.06639539097801136	0.012206356347642779	0.010917491606343414	0.010879631051817214	0.010797229412318659	0.004721678244196066	0.004713245466021069	0.00470612448059551	0.004701291230975906	0.004683421768462029	0.004675960138096219	0.000452627961176875	0.00040154695425072994	0.00036676477552202507	0.0003639443417635414	0.0003507954150512129
0.5278259442258854	0.47791540798167326	0.47785108970967816	0.4778143724152996	0.06487246721837835	0.06469168089174984	0.06464906617427413	0.06461698614687279	0.06458272963768373	0.06455482503122215	0.053981918127120415	0.05354000485287028	0.05343498795875923	0.021733580761006965	0.021619619964301926	0.021592221854085714	0.009506532518596162	0.009482981082195571	0.009464215692451684	0.009433282901846479	0.009409408369144974	0.009366931357716003	0.008975416493921843	0.008951340191086054	0.008932097588153585	0.008923884189023698	0.008903397026187143	0.008901429350879904	0.008897684530787216	0.00888725384991193	0.003559806751109633	0.0034927996275091588	0.0034523031435299313	0.001448521624028196	0.0014393518827419904	0.001429922194254582	0.0012880563692255775	0.0011365087544011707	0.0010669151819087369	0.0009934757194389994
0.5018740573219933	0.5018413155321592	0.5018172389951814	0.4665945966842476	0.04944234847357837	0.04924220511901251	0.049176041932751706	0.04904704846179931	0.049023396934936216	0.04899272316614961	0.048963665087627964	0.04896137353187437	0.04214727530848294	0.04204807185297662	0.042002383324601184	0.01663761790907982	0.016563189297566755	0.016560173032053788	0.013030880017138556	0.013006179923486487	0.012954281849323422	0.012888518898369006	0.012838321655417432	0.012820750282621448	0.007626423303922018	0.005741143429163653	0.005717911229413582	0.005686629944366656	0.004211405071970612	0.004046382542664628	0.004010645410775467	0.003991631170803595	0.003989648805544117	0.003989284532882037	0.003967713931832477	0.00395683854536615	0.0032313609077004248	0.0032199531489971304	0.0030613545040889044	0.0018406857397645297
0.497890141748793	0.4946216367319819	0.494565412384718	0.4945108165422368	0.039833342835240496	0.039503834399176256	0.03938310278873508	0.036801012369382796	0.03675662171279057	0.03667552409134296	0.03665783976702027	0.03664215487333486	0.03660732290745904	0.028921791262850393	0.02873598121403197	0.028706034364399793	0.019355067125784192	0.01912646940128949	0.019112970952326537	0.01907395300565093	0.019060549607169113	0.019056623162313133	0.019048247287881234	0.01903787907712398	0.004717870099343803	0.004672837541440631	0.004538219262722594	0.002912556760421679	0.0028895916219453823	0.002880280462688536	0.0028756461438053296	0.0028659358067188185	0.0028561063535132033	0.002168617460901042	0.0019006585998455497	0.0018967862877314462	0.0018900944677294844	0.0016491958549598822	0.001374025885301533	0.0012491666211566228
0.5034490740282677	0.4944406085918708	0.4944116084290981	0.49432872132295547	0.02960676226526611	0.029520363627118164	0.029502018502771784	0.029435803383720295	0.029420954193554928	0.02939447914190392	0.029359099339945068	0.02935189745699773	0.025982378442039232	0.025947115986350827	0.025870755791808205	0.02259413116174796	0.022446261729352008	0.022386504259352877	0.02233754372465703	0.022316168141762294	0.022299656615630013	0.020048900004518106	0.02000399302092958	0.01997771429013975	0.005625422152035275	0.003652154188410973	0.00364440179634251	0.0036102090293997522	0.0017718951145739967	0.001763069676016078	0.0017428342969214921	0.0014255368706737037	0.0013842861233079702	0.0013838113008568071	0.0013721810604640137	0.0013621461494945709	0.0013606466425757076	0.001356575354108193	0.0013511363817815477	0.001234733818431197
0.4986868161435791	0.49847617475190603	0.49846874551203535	0.4933925132882134	0.0248610365037564	0.024817571330136456	0.024767732637886616	0.023971799184273425	0.023949770208691108	0.02390423115004734	0.0238994420614442	0.02388338616360691	0.023860084833062234	0.023381495610449474	0.023321537215054963	0.02329311877155583	0.02223762103269004	0.022198729682004908	0.022173772923007058	0.02216679973870706	0.022151367442622198	0.022150856089179508	0.022101733949906808	0.022092893062211443	0.004565874193740095	0.0045546109862962285	0.004523918670892183	0.0031117737379818774	0.0012377451708368604	0.001216477056447489	0.0012018115583351356	0.0011960545583212445	0.0011621014047451118	0.0011438033943601265	0.0011229953562368908	0.0010789210651900342	0.0010472333052309927	0.0009288420097513835	0.0009263523005883121	0.0008781689396523905
0.4986275861986864	0.4984263623160824	0.49839739590239807	0.4936732822859953	0.024548702545031685	0.024492045974591863	0.024470049391443167	0.023784395371223205	0.02376267338729785	0.023760456683083707	0.023746010810367316	0.023732641993117285	0.023714056060637093	0.023142648767902018	0.02311098458974664	0.023096929152271444	0.022253459236391795	0.022223230137040948	0.022216455570842314	0.02221407070466272	0.022210326135577965	0.022199743228802322	0.022196681905226046	0.02218257869600887	0.004586321671451001	0.004560792627252789	0.004550704312259902	0.0031826334562638104	0.001442605578593773	0.001438709674638428	0.0014304840196774705	0.0014175416370061907	0.0014136839164803309	0.0013693878617210562	0.001353094245493758	0.0013255544907354612	0.001288602072427696	0.000951092105753647	0.0009128580408821328	0.0009095391497815095
0.5034341187134932	0.49450884906794257	0.4944806530855423	0.4944381535033813	0.029223990524205663	0.029150229825253515	0.029105974853486552	0.02903386772992729	0.0290292579525719	0.02901984331582054	0.028999935150337216	0.028997998088853935	0.025769550243052265	0.025713995787091028	0.025680660264892293	0.02253025256644009	0.02235172531017117	0.02229536089049749	0.02227934981898535	0.02226707860244694	0.022266288116410314	0.020002497862662005	0.01995120684937692	0.019944555668910596	0.006103698583235302	0.003666080453207553	0.003662349668991277	0.003638425642883246	0.0016632872817794664	0.0016594184884052062	0.0016491929777428397	0.001419401016527274	0.0013768016364804243	0.0013639828304929037	0.0013579221963870088	0.0013512716124996443	0.0013299099571816662	0.0012493533940029094	0.00120994617284708	0.0012023569402628165
0.4980281278810305	0.4946852601105305	0.49459904685078576	0.49451940185964616	0.039409203511151125	0.03912359366272233	0.039104711486482306	0.03656043936156445	0.03649479484505545	0.03641365053161187	0.036367541502317025	0.036360397116502144	0.036357870873453525	0.02883745097000016	0.028645953855550535	0.02854961368302742	0.01928911635902329	0.019124112150225938	0.019066624217420128	0.019020085532765362	0.01900422723741792	0.018998169337209794	0.018993878805913335	0.018988015630892335	0.004724931469175477	0.004698394619408427	0.0045917398872891025	0.002729907085106894	0.002700699546216686	0.002680518433155532	0.0026632797358582053	0.0026585733207306317	0.0026282466900971234	0.0021540252408327287	0.0018128366496003338	0.0018100711584411633	0.0017987603631434796	0.0014719275399828465	0.0014124461070910374	0.0014080890190988537
0.5019460107430346	0.5019027499420904	0.5018728771365056	0.46661464542763925	0.049178960151021175	0.04897547813072899	0.04892786496140768	0.04884349790957536	0.048828304290416305	0.048818131723440676	0.04880968163413714	0.04880199891429376	0.042022496860192084	0.04189306310755313	0.04187814018403775	0.01661520311103318	0.016533173642215675	0.016521095136561352	0.013120891500347162	0.012956553192846597	0.012858804623207045	0.012823749904190553	0.012812010105308589	0.012804610857182734	0.0076405176472022175	0.005675975829260722	0.0056419469657022076	0.005628684493056117	0.004105410577775426	0.004045611693382082	0.0040248277189315045	0.004005661389123371	0.003985307325339641	0.003980217008141516	0.003946290739885558	0.0038888155768665865	0.0032071862823561254	0.0031955349371936195	0.003086858168728923	0.0017281521172698596
0.5278665605987694	0.47792219454980883	0.4778983824064607	0.4778838960302748	0.06471347937662926	0.06453986411196161	0.06452602254452365	0.06448271377902637	0.06446526196102335	0.06444717575368575	0.05366975990607402	0.05346657115018297	0.053398486938488796	0.021699744053766293	0.021526082339894646	0.021477934638820077	0.00955468815634009	0.009470082629914549	0.00943680860699115	0.009417109611920875	0.009385142571343742	0.009346642268342047	0.008971762283860386	0.008933426354295029	0.008913523312691773	0.008901462077925299	0.008896125845420187	0.008892070489573611	0.008888343721738384	0.00888404031025269	0.003591223122219635	0.0035502427839852473	0.00339093019742772	0.0014466952038972353	0.001440784141489406	0.0014193916809372206	0.0012231175906092864	0.0010796526580269398	0.0010627731906992577	0.0010028832389647679
0.5092897069510963	0.4846877439256605	0.48464977266897147	0.48461316822277245	0.0666948826228207	0.06653418896285822	0.06649301927454834	0.06646981027614121	0.0664118448042478	0.06638145998254938	0.06636628303511345	0.06634059380666672	0.011998438559381765	0.01085511992499543	0.010828847042345059	0.01079222073279454	0.0047398465619661115	0.004707735206867064	0.0046873361295795765	0.0046852146961611696	0.004680939187411904	0.004679263380450623	0.00043686947771973654	0.000420030518991068	0.00040172380948298936	0.00037458040971290966	0.0003626615850433493	0.00036162411253074883	0.0003590729486378163	0.0003566430525449824	0.00020306948948859744	0.00019866150264260068	0.00019711496004965061	0.00019540334223816362	0.00019238914204810245	0.00018935597119447428
0.5703828252623423	0.5703308346497893	0.5702987390860622	0.08982581175328623	0.08966473128286077	0.08964975960431204
