0.75
2	3	4	5	6	7	8	9	10	11	12	13	14	15
1.6276472017312904	2.369551892956088	2.5448519743425484	2.3643737145650103	2.0713776170013656	1.8959022178216052	1.8920163718567882	1.894122616475099	1.9010480767541973	2.075612766104947	2.3658859631246267	2.5446069502741753	2.368651980386771	1.627127758258281
0.5173060061499721	0.5046055504168518	0.5030813065309839	0.3024806512889004	0.27190339940381875	0.24341514023830235
0.42698292984584496	0.42536244514457144	0.41153956511845935	0.24826633072654122	0.2454485806325928	0.24064466123932413	0.22450671113262835	0.21935092257192823	0.21648965500902348	0.20443373039078674	0.1934788273598461	0.19258077108795324	0.10149767826021314	0.09248186312386673	0.0811596257371547	0.009516683496028694	0.009218650490879563	0.008719934673067836	0.008034546449846244	0.007910782142367493	0.007326181150001008	0.002523341205035879	0.0021742471197870187	0.001995243135982986	0.0018228968338504033	0.0016791093622849907	0.000964981667196841
0.5031108339924475	0.2973391962007399	0.29128927021982187	0.2856711142046639	0.26748958346277024	0.26504072422615577	0.2575124640604672	0.24350285085756693	0.24259812138735246	0.22372437645641743	0.12370949029365405	0.12115172588293718	0.12019297087908522	0.11368896884020607	0.11048371499862093	0.10692914005080921	0.10096957381601743	0.09619555964549867	0.09489204733501391	0.03112893423568893	0.02481174567047248	0.024513558973521758	0.02329559844618364	0.022445470115144844	0.02211871249958793	0.021670312222338825	0.019031752610660303	0.018656865432902594	0.012608337877829848	0.012412132563982528	0.01226740587923299	0.012084774427331444	0.01187070078568389	0.011138440149709734	0.010698162368211094	0.0104550707437965	0.009824698871598052	0.009122161355161262	0.008689703212420592
0.4902973888399003	0.4457192948699794	0.4084631808553384	0.2213404186228577	0.2188616989104173	0.21309702088197724	0.20350167982219286	0.19867771212485855	0.18825985246633736	0.18020760505620656	0.1779374296251658	0.16702689708060708	0.06862143983591784	0.06112862904499181	0.0610336606877285	0.06001524665305109	0.05848462910596302	0.057576090255209864	0.03820236222098339	0.03763666323778746	0.03744237300502646	0.03703586208000945	0.03608291399298581	0.035714243461053924	0.034766814895170715	0.0331223566122836	0.032696988579006915	0.03247645372553024	0.03159144916058799	0.0313365974712833	0.029641882342487647	0.028928022015297147	0.026421344319283932	0.02550705063689133	0.025345181080691535	0.025192887376767042	0.0226636144634873	0.022433202291806866	0.022113519079047364	0.021081642865600655
0.5470813636608576	0.5061629711572474	0.4531442018990473	0.1806016285923452	0.17791882758970196	0.1681321991095796	0.1324122367220133	0.13063487401765378	0.12184593107454358	0.11575233549820191	0.10950587709292463	0.10272615909832258	0.10211731348219481	0.0856494102145238	0.08440780113460224	0.04937578532283607	0.049163893106921736	0.04788737061429571	0.04776385525971289	0.046993411994020316	0.04640005116349265	0.04309419020973771	0.042693845530569124	0.0406278059213624	0.0401255551350105	0.039921507593230654	0.038682753755716774	0.037169122615359304	0.03638415919867441	0.03489331456547147	0.03395965318924404	0.03373013927835703	0.032335745074901126	0.031617535309171246	0.03089128281337427	0.030587669694145742	0.029865920831336226	0.02633764991540083	0.025021170478416527	0.012742434326410998
0.7268828205562692	0.25351488242647696	0.2450209382792487	0.24429149519268023	0.22927757754116285	0.21930689619594862	0.20514779805611819	0.1976208485551642	0.18078111178557138	0.17157212978794206	0.06168371692719026	0.06133678746054036	0.06013916836908541	0.0597123144728319	0.059016118301354975	0.05813113346325161	0.05420383676475533	0.053063914398432874	0.04174046848396574	0.040345689557282745	0.0393554227677545	0.03823322077413572	0.03799816369722504	0.03259444356987896	0.029906907571039594	0.029703279407665154	0.028498085973720357	0.02820228397488085	0.02619063132492413	0.025699398897373476	0.02492686952581906	0.02060415032688833	0.019955862823166453	0.018238247339738885	0.013671674795894876	0.013568099729755496	0.013418243631527918	0.013079317447188146	0.011897407161663444	0.010607598697481124
0.5384211292958894	0.5128789289521914	0.5097857053084239	0.15219251994300462	0.15035379548862104	0.1445360223740878	0.13207893346882899	0.1265264104640407	0.11884119715983053	0.11470789150416873	0.10744760676285632	0.09826046969283088	0.09103678771898176	0.08969565060880835	0.07644138807150334	0.034840847246262414	0.03352058367589667	0.0322406518860047	0.03166094483435054	0.03067034408536501	0.02905446223019139	0.02799871228515783	0.027675626036986166	0.026714830161600946	0.0265723437174275	0.025308659608149566	0.02514332641326263	0.024894316251956126	0.02427622223510835	0.02416426002546307	0.023279849385956175	0.022915495728579115	0.022122200152929424	0.021209271434930375	0.02095848448947968	0.020795920815718218	0.020303115468969152	0.01860167717674787	0.01835869797671173	0.015256964852924073
0.5303033062747647	0.5286310459498299	0.5013691928182569	0.15640838376232047	0.15357366290388078	0.14401233555038245	0.12780816997064892	0.1176511342022844	0.11611699378164207	0.11340870424778135	0.1117940515124953	0.10175072778947289	0.09623722218018207	0.09386698645960313	0.07313278881167547	0.03460110823900285	0.03339191819214109	0.03224894057200202	0.030788424222259858	0.030230335793677603	0.0298311609457795	0.02829259086484743	0.027610142353054815	0.02695377338063033	0.026309270551585686	0.026147212006727268	0.02563556098381848	0.02496468500590155	0.024920770647132252	0.024399453703960197	0.023106658222139833	0.02294764586818292	0.02195413090893668	0.02128407016434	0.020902550075775017	0.02024585960435327	0.019279726268431874	0.01908450612196773	0.017435504809188252	0.015061942285256452
0.7256403260956338	0.25906060896656763	0.24715199544452948	0.24486518745320843	0.2193793625742688	0.21428899164919	0.20416087255034404	0.196196316335271	0.19395218003755682	0.17253875938354632	0.06217781611916281	0.061438487731460205	0.05951515504140074	0.058189861688123026	0.05798310481247054	0.05776546872020287	0.05434025135078464	0.0539595320355706	0.04037800908139647	0.03999142834440218	0.03881102996846658	0.03790299099290352	0.03747232006500816	0.03376811415124174	0.03298149154210544	0.030537744806353188	0.02953194472382799	0.0292694737037684	0.027185802606420957	0.023656278804990907	0.022685200243921906	0.021812270778082666	0.02133578148808529	0.016289174236842657	0.014191343611925464	0.014114669745090666	0.01380241844709534	0.013301091593090283	0.01246407783515829	0.012259118984515267
0.5516699446869086	0.4941326143758712	0.4600085283981122	0.1819778960476217	0.17180593166055433	0.17005847579686253	0.13056525247375214	0.12675555491916315	0.12411996396273192	0.11771391663693306	0.11401010977536072	0.10702226126542179	0.09823856298612534	0.0963468449450165	0.07563459232440227	0.05073526640352593	0.0502632809163067	0.04913172871987676	0.04858619103411734	0.04842771778839701	0.0481220501305809	0.043547976225649605	0.04269667580334938	0.03941189640177625	0.0381875654790642	0.03772094425572695	0.03654902954085749	0.036305207556265436	0.03544584408511554	0.035060812561564125	0.035012571885794055	0.034080791927421104	0.03373024451069192	0.032957077207964355	0.03141908635336208	0.030829390098787466	0.030470814676045597	0.026455315935240135	0.02618466647152284	0.012536585618855388
0.48541153162816497	0.45540607157584045	0.4042098473311813	0.2241357354338155	0.22173660247205368	0.21316377540748432	0.19875388303372327	0.19108346214049032	0.18551098104674882	0.1849586475004272	0.17387307144683656	0.17270328655012412	0.06664332513724405	0.065716655423997	0.05997408171183921	0.05933309915120478	0.05841861158598341	0.05618992659728186	0.03765078691747967	0.036970068365211994	0.03653889533831007	0.036134353630979235	0.03567890895552059	0.03535950823348777	0.035185019912795844	0.034604473069575765	0.033668307683858485	0.03324575906647245	0.03285863217488283	0.03223046535444221	0.031361399178505917	0.031018761746630725	0.03001057227268574	0.02844209962274848	0.024948309724032156	0.024310084499564396	0.02321579891017151	0.02316663618146999	0.023053210207848136	0.01974695428532297
0.5033207411055516	0.2932960504077583	0.2868230048184292	0.2857644133863299	0.2752497751293761	0.2694022741576353	0.2632681319931101	0.2433453982425434	0.2313108331473176	0.22614601813849333	0.125666582811211	0.12232047726567613	0.12076098839981157	0.10982579312403261	0.10742835516060646	0.10403896574156234	0.10067035986389475	0.09985707923974323	0.09413724627143587	0.030753942160501927	0.02404435343732997	0.023948901934222364	0.02378548782064337	0.02371272240740178	0.023254320216090606	0.022064957430894237	0.019216247467697574	0.018585124540308938	0.01247136700509321	0.012147746906949261	0.011934976437315533	0.011891349999199835	0.011701644094841129	0.011549787187459913	0.011079477664084013	0.01083518576891215	0.010484401182010572	0.010371784263152533	0.009924292521039393	0.009475757067014614
0.42951367767299703	0.4178258766743656	0.417008797307088	0.2442735450877699	0.24348949509498585	0.239365196421863	0.22947472000631247	0.22588240848554791	0.22074105322869444	0.19881327453492223	0.1954810304317066	0.18697211904046865	0.1025903253127811	0.08939729012871574	0.08178561546220543	0.009225199394323908	0.009202650880533457	0.009130156988222702	0.008772556879531518	0.008328080115536233	0.007430218801460832	0.002432014492318018	0.002125585735849125	0.0020798975496176355	0.0018825140120908364	0.0018292321574729813	0.0016345964746187186	0.0001540637001453755
0.5128557571120379	0.5120677440219032	0.500392019183884	0.29938661059786104	0.2784091452520591	0.23922673408541814
